124 107
100 100
043 043 043 043 043 043 043 043 043 043 043 043 043 043 043 043 043 043 043 043 043 043 043 043 043 043 043 043 043 043 043 043 043 043 043 043 043 043 043 043 043 043 043 043 043 043 043 043 043 043 043 043 043 043 043 043 043 043 043 043 043 043 043 043 043 043 043 043 043 043 043 043 043 043 043 043 043 043 043 043 043 043 043 043 043 043 043 043 043 043 043 043 043 043 043 043 043 043 043 043 043 043 043 043 043 043 043 043 043 043 043 043 043 043 043 043 043 043 043 043 043 043 043 043
043 103 105 105 105 105 105 105 105 105 105 105 105 105 105 105 105 105 104 043 043 043 043 043 043 043 043 103 105 105 105 105 105 105 105 105 105 105 105 105 105 105 105 105 104 043 043 043 043 043 043 043 043 103 105 105 105 105 105 105 105 105 105 105 105 105 105 105 105 105 104 043 043 043 043 043 043 043 043 103 105 105 105 105 105 105 105 105 105 105 105 105 105 105 105 105 104 043 043 043 043 043 043 043 043 103 105 105 105 105 105 105 105 105 105 105 105 105 105 105 105 105 104 043
043 106 102 102 102 102 102 102 102 102 102 102 102 102 102 102 102 102 107 043 043 043 043 043 043 043 043 106 102 102 102 102 102 102 102 102 102 102 102 102 102 102 102 102 107 043 043 043 043 043 043 043 043 106 118 118 102 102 102 102 102 102 102 102 102 102 102 102 102 102 107 043 043 043 043 043 043 043 043 106 102 102 102 102 102 102 118 102 102 118 102 102 102 102 102 102 107 043 043 043 043 043 043 043 043 106 102 102 102 102 102 102 102 102 102 102 102 102 102 102 102 102 107 043
043 106 102 102 102 102 102 102 102 102 102 102 102 102 102 102 102 102 107 043 043 043 043 043 043 043 043 106 102 102 102 102 102 102 102 102 102 102 102 102 102 102 102 102 107 043 043 043 043 043 043 043 043 106 118 118 102 102 102 102 102 102 102 102 102 102 102 102 102 102 107 043 043 043 043 043 043 043 043 106 102 118 118 102 118 102 118 102 102 118 102 118 118 102 118 102 107 043 043 043 043 043 043 043 043 106 102 102 102 102 102 102 102 102 102 102 102 102 102 102 102 102 107 043
043 106 102 102 102 102 102 102 102 102 102 102 102 102 102 102 102 102 107 043 043 043 043 043 043 043 043 106 102 102 118 118 102 102 102 102 102 102 102 102 118 118 102 102 107 043 043 043 043 043 043 043 043 106 102 102 118 102 102 102 102 102 102 102 102 102 102 102 102 118 107 043 043 043 043 043 043 043 043 106 102 118 118 118 118 102 118 102 102 118 102 118 118 118 118 102 107 043 043 043 043 043 043 043 043 106 102 102 102 102 102 102 102 102 102 102 102 102 102 102 102 102 107 043
043 106 102 102 102 102 102 102 102 102 102 102 102 102 102 102 102 102 107 043 043 043 043 043 043 043 043 106 102 102 118 118 102 102 102 102 102 102 102 102 118 118 102 102 107 043 043 043 043 043 043 043 043 106 102 102 102 118 102 102 102 102 118 102 102 102 102 102 118 102 107 043 043 043 043 043 043 043 043 106 102 118 118 118 118 102 118 102 102 102 102 118 102 102 102 102 107 043 043 043 043 043 043 043 043 106 102 102 102 102 102 102 102 102 102 102 102 102 102 102 102 102 107 043
043 106 102 102 102 102 102 102 102 102 102 102 102 102 102 102 102 102 107 043 043 043 043 043 043 043 043 106 102 102 102 102 102 102 102 102 102 102 102 102 102 102 102 102 107 043 043 043 043 043 043 043 043 106 102 102 102 102 102 102 102 118 102 102 102 102 102 118 102 102 107 043 043 043 043 043 043 043 043 106 102 102 118 118 118 102 118 118 118 118 118 118 102 118 118 118 107 043 043 043 043 043 043 043 043 106 102 102 102 102 102 102 118 118 118 118 118 118 118 118 118 118 107 043
043 106 102 102 102 102 102 102 102 102 102 102 102 102 102 102 102 102 107 043 043 043 043 043 043 043 043 106 102 102 102 102 102 102 102 102 102 102 102 102 102 102 102 102 107 043 043 043 043 043 043 043 043 106 102 102 102 102 102 102 118 102 102 102 102 102 118 102 102 102 107 043 043 043 043 043 043 043 043 106 102 102 118 118 118 102 102 102 102 102 102 102 102 102 102 102 107 043 043 043 043 043 043 043 043 106 102 102 102 102 102 102 118 102 102 102 102 102 102 102 102 102 107 043
043 106 102 102 102 102 102 102 102 102 102 102 102 102 102 102 102 102 107 043 043 043 043 043 043 043 043 106 102 102 102 102 102 102 102 102 102 102 102 102 102 102 102 102 107 043 043 043 043 043 043 043 043 106 102 102 102 102 102 118 102 102 102 102 102 118 102 102 102 102 107 043 043 043 043 043 043 043 043 106 102 118 118 118 118 118 118 118 102 118 118 118 102 118 118 102 107 043 043 043 043 043 043 043 043 106 102 102 102 102 102 102 118 102 102 102 102 102 102 102 102 102 107 043
043 106 102 102 102 102 102 102 118 102 102 118 102 102 102 102 102 102 107 043 043 043 043 043 043 043 043 106 102 102 102 102 102 102 102 102 102 102 102 102 102 102 102 102 107 043 043 043 043 043 043 043 043 106 102 102 102 102 118 102 102 102 102 102 118 102 102 102 102 102 107 043 043 043 043 043 043 043 043 106 102 118 118 118 118 118 118 118 118 118 118 118 118 118 118 102 107 043 043 043 043 043 043 043 043 106 102 102 102 102 102 102 118 102 102 118 118 118 118 118 118 118 107 043
043 106 102 102 102 102 102 118 118 102 102 118 118 102 102 102 102 102 107 043 043 043 043 043 043 043 043 106 102 102 118 118 102 102 102 102 102 102 102 102 118 118 102 102 107 043 043 043 043 043 043 043 043 106 102 102 102 118 102 102 102 102 102 118 102 102 102 102 102 102 107 043 043 043 043 043 043 043 043 106 102 118 118 118 118 118 118 118 118 118 118 118 118 118 102 102 107 043 043 043 043 043 043 043 043 106 102 102 102 102 102 102 118 102 102 118 102 102 102 102 102 102 107 043
043 106 102 102 102 102 118 118 118 102 102 118 118 118 102 102 102 102 107 043 043 043 043 043 043 043 043 106 102 102 118 118 102 102 102 102 102 102 102 102 118 118 102 102 107 043 043 043 043 043 043 043 043 106 102 102 118 102 102 102 102 102 118 102 102 102 102 102 102 102 107 043 043 043 043 043 043 043 043 106 102 118 118 118 118 118 118 118 118 118 118 118 118 118 118 102 107 043 043 043 043 043 043 043 043 106 102 102 102 102 102 102 118 102 102 118 102 102 102 102 102 102 107 043
043 106 102 102 102 118 118 118 118 102 102 118 118 118 118 102 102 102 107 043 043 043 043 043 043 043 043 106 102 102 102 102 102 102 102 102 102 102 102 102 102 102 102 102 107 043 043 043 043 043 043 043 043 106 118 118 102 102 102 102 102 102 102 102 102 102 102 102 118 102 107 043 043 043 043 043 043 043 043 106 102 118 102 118 118 102 102 102 102 118 102 118 102 118 118 102 107 043 043 043 043 043 043 043 043 106 102 102 102 102 102 102 118 102 102 118 102 102 102 102 102 102 107 043
043 106 102 102 118 118 118 118 118 102 102 118 118 118 118 118 102 102 107 043 043 043 043 043 043 043 043 106 102 102 102 102 102 102 102 102 102 102 102 102 102 102 102 102 107 043 043 043 043 043 043 043 043 106 118 118 102 102 102 102 102 102 102 102 102 102 102 118 102 102 107 043 043 043 043 043 043 043 043 106 102 102 102 102 102 102 102 102 102 118 102 102 102 102 102 102 107 043 043 043 043 043 043 043 043 106 102 102 102 102 102 102 118 102 102 118 102 102 102 102 102 102 107 043
043 110 108 108 108 108 108 108 108 108 108 108 108 108 108 108 108 108 109 043 043 043 043 043 043 043 043 110 108 108 108 108 108 108 108 108 108 108 108 108 108 108 108 108 109 043 043 043 043 043 043 043 043 110 108 108 108 108 108 108 108 108 108 108 108 108 108 108 108 108 109 043 043 043 043 043 043 043 043 110 108 108 108 108 108 108 108 108 108 108 108 108 108 108 108 108 109 043 043 043 043 043 043 043 043 110 108 108 108 108 108 108 108 108 108 108 108 108 108 108 108 108 109 043
043 043 043 043 043 043 043 043 043 043 043 043 043 043 043 043 043 043 043 043 043 043 043 043 043 043 043 043 043 043 043 043 043 043 043 043 043 043 043 043 043 043 043 043 043 043 043 043 043 043 043 043 043 043 043 043 043 043 043 043 043 043 043 043 043 043 043 043 043 043 043 043 043 043 043 043 043 043 043 043 043 043 043 043 043 043 043 043 043 043 043 043 043 043 043 043 043 043 043 043 043 043 043 043 043 043 043 043 043 043 043 043 043 043 043 043 043 043 043 043 043 043 043 043
043 043 043 043 043 043 043 043 043 043 043 043 043 043 043 043 043 043 043 043 043 043 043 043 043 043 043 043 043 043 043 043 043 043 043 043 043 043 043 043 043 043 043 043 043 043 043 043 043 043 043 043 043 043 043 043 043 043 043 043 043 043 043 043 043 043 043 043 043 043 043 043 043 043 043 043 043 043 043 043 043 043 043 043 043 043 043 043 043 043 043 043 043 043 043 043 043 043 043 043 043 043 043 043 043 043 043 043 043 043 043 043 043 043 043 043 043 043 043 043 043 043 043 043
043 043 043 043 043 043 043 043 043 043 043 043 043 043 043 043 043 043 043 043 043 043 043 043 043 043 043 043 043 043 043 043 043 043 043 043 043 043 043 043 043 043 043 043 043 043 043 043 043 043 043 043 043 043 043 043 043 043 043 043 043 043 043 043 043 043 043 043 043 043 043 043 043 043 043 043 043 043 043 043 043 043 043 043 043 043 043 043 043 043 043 043 043 043 043 043 043 043 043 043 043 043 043 043 043 043 043 043 043 043 043 043 043 043 043 043 043 043 043 043 043 043 043 043
043 043 043 043 043 043 043 043 043 043 043 043 043 043 043 043 043 043 043 043 043 043 043 043 043 043 043 043 043 043 043 043 043 043 043 043 043 043 043 043 043 043 043 043 043 043 043 043 043 043 043 043 043 043 043 043 043 043 043 043 043 043 043 043 043 043 043 043 043 043 043 043 043 043 043 043 043 043 043 043 043 043 043 043 043 043 043 043 043 043 043 043 043 043 043 043 043 043 043 043 043 043 043 043 043 043 043 043 043 043 043 043 043 043 043 043 043 043 043 043 043 043 043 043
043 043 043 043 043 043 043 043 043 043 043 043 043 043 043 043 043 043 043 043 043 043 043 043 043 043 043 043 043 043 043 043 043 043 043 043 043 043 043 043 043 043 043 043 043 043 043 043 043 043 043 043 043 043 043 043 043 043 043 043 043 043 043 043 043 043 043 043 043 043 043 043 043 043 043 043 043 043 043 043 043 043 043 043 043 043 043 043 043 043 043 043 043 043 043 043 043 043 043 043 043 043 043 043 043 043 043 043 043 043 043 043 043 043 043 043 043 043 043 043 043 043 043 043
043 043 043 043 043 043 043 043 043 043 043 043 043 043 043 043 043 043 043 043 043 043 043 043 043 043 043 043 043 043 043 043 043 043 043 043 043 043 043 043 043 043 043 043 043 043 043 043 043 043 043 043 043 043 043 043 043 043 043 043 043 043 043 043 043 043 043 043 043 043 043 043 043 043 043 043 043 043 043 043 043 043 043 043 043 043 043 043 043 043 043 043 043 043 043 043 043 043 043 043 043 043 043 043 043 043 043 043 043 043 043 043 043 043 043 043 043 043 043 043 043 043 043 043
043 043 043 043 043 043 043 043 043 043 043 043 043 043 043 043 043 043 043 043 043 043 043 043 043 043 043 043 043 043 043 043 043 043 043 043 043 043 043 043 043 043 043 043 043 043 043 043 043 043 043 043 043 043 043 043 043 043 043 043 043 043 043 043 043 043 043 043 043 043 043 043 043 043 043 043 043 043 043 043 043 043 043 043 043 043 043 043 043 043 043 043 043 043 043 043 043 043 043 043 043 043 043 043 043 043 043 043 043 043 043 043 043 043 043 043 043 043 043 043 043 043 043 043
043 043 043 043 043 043 043 043 043 043 043 043 043 043 043 043 043 043 043 043 043 043 043 043 043 043 043 043 043 043 043 043 043 043 043 043 043 043 043 043 043 043 043 043 043 043 043 043 043 043 043 043 043 043 043 043 043 043 043 043 043 043 043 043 043 043 043 043 043 043 043 043 043 043 043 043 043 043 043 043 043 043 043 043 043 043 043 043 043 043 043 043 043 043 043 043 043 043 043 043 043 043 043 043 043 043 043 043 043 043 043 043 043 043 043 043 043 043 043 043 043 043 043 043
043 043 043 043 043 043 043 043 043 043 043 043 043 043 043 043 043 043 043 043 043 043 043 043 043 043 043 043 043 043 043 043 043 043 043 043 043 043 043 043 043 043 043 043 043 043 043 043 043 043 043 043 043 043 043 043 043 043 043 043 043 043 043 043 043 043 043 043 043 043 043 043 043 043 043 043 043 043 043 043 043 043 043 043 043 043 043 043 043 043 043 043 043 043 043 043 043 043 043 043 043 043 043 043 043 043 043 043 043 043 043 043 043 043 043 043 043 043 043 043 043 043 043 043
043 103 105 105 105 105 105 105 105 105 105 105 105 105 105 105 105 105 104 043 043 043 043 043 043 043 043 103 105 105 105 105 105 105 105 105 105 105 105 105 105 105 105 105 104 043 043 043 043 043 043 043 043 103 105 105 105 105 105 105 105 105 105 105 105 105 105 105 105 105 104 043 043 043 043 043 043 043 043 103 105 105 105 105 105 105 105 105 105 105 105 105 105 105 105 105 104 043 043 043 043 043 043 043 043 103 105 105 105 105 105 105 105 105 105 105 105 105 105 105 105 105 104 043
043 106 102 102 102 102 102 102 102 102 102 102 102 102 102 102 102 102 107 043 043 043 043 043 043 043 043 106 102 102 102 102 102 102 102 102 102 102 102 102 102 102 102 102 107 043 043 043 043 043 043 043 043 106 102 102 102 102 102 102 102 102 102 102 102 102 102 102 102 102 107 043 043 043 043 043 043 043 043 106 043 102 102 102 102 102 043 043 043 043 102 102 102 102 102 043 107 043 043 043 043 043 043 043 043 106 102 102 102 102 102 102 102 102 102 102 102 102 102 102 102 102 107 043
043 106 102 102 102 102 102 102 102 102 102 102 102 102 102 102 102 102 107 043 043 043 043 043 043 043 043 106 102 102 102 102 102 102 102 102 102 102 102 102 102 102 102 102 107 043 043 043 043 043 043 043 043 106 102 102 102 102 102 102 102 102 102 102 102 102 102 102 102 102 107 043 043 043 043 043 043 043 043 106 043 102 043 043 043 102 043 043 043 102 102 043 043 043 102 043 107 043 043 043 043 043 043 043 043 106 102 102 102 102 102 102 102 102 102 102 102 102 102 102 102 102 107 043
043 106 102 118 118 118 118 118 102 102 118 102 102 102 102 118 102 102 107 043 043 043 043 043 043 043 043 106 102 102 118 118 102 102 102 102 102 102 102 102 118 118 102 102 107 043 043 043 043 043 043 043 043 106 102 102 102 102 102 102 102 102 102 102 102 102 102 102 102 102 107 043 043 043 043 043 043 043 043 106 043 102 043 043 043 102 043 043 102 102 043 043 043 043 102 043 107 043 043 043 043 043 043 043 043 106 102 118 118 102 118 118 102 118 118 102 118 118 102 118 118 102 107 043
043 106 102 118 102 102 102 118 102 102 118 102 102 102 102 118 102 102 107 043 043 043 043 043 043 043 043 106 102 102 102 102 102 102 102 102 102 102 102 102 102 102 102 102 107 043 043 043 043 043 043 043 043 106 102 102 102 102 102 102 102 102 102 102 102 102 102 102 102 102 107 043 043 043 043 043 043 043 043 106 043 102 043 043 043 102 043 102 102 043 043 102 102 043 102 043 107 043 043 043 043 043 043 043 043 106 102 102 102 102 102 102 102 102 102 102 102 102 102 102 102 102 107 043
043 106 102 118 102 102 102 118 102 102 118 102 102 102 102 118 102 102 107 043 043 043 043 043 043 043 043 106 102 102 102 102 118 118 102 102 102 102 118 118 102 102 102 102 107 043 043 043 043 043 043 043 043 106 102 102 118 118 118 118 102 102 102 102 118 118 118 118 102 102 107 043 043 043 043 043 043 043 043 106 043 102 043 043 043 102 102 102 043 043 102 102 102 043 102 043 107 043 043 043 043 043 043 043 043 106 118 102 102 118 102 102 118 102 102 118 102 102 118 102 102 118 107 043
043 106 102 118 102 102 102 118 102 102 118 102 102 102 102 118 102 102 107 043 043 043 043 043 043 043 043 106 102 102 102 102 102 102 102 118 118 102 102 102 102 102 102 102 107 043 043 043 043 043 043 043 043 106 102 102 118 118 118 118 102 102 102 102 118 118 118 118 102 102 107 043 043 043 043 043 043 043 043 106 102 102 043 043 043 043 043 043 043 043 102 043 043 043 102 102 107 043 043 043 043 043 043 043 043 106 102 102 102 102 102 102 102 102 102 102 102 102 102 102 102 102 107 043
043 106 102 118 102 102 102 118 102 102 118 102 102 102 102 118 102 102 107 043 043 043 043 043 043 043 043 106 102 102 102 102 102 102 102 118 118 102 102 102 102 102 102 102 107 043 043 043 043 043 043 043 043 106 102 102 118 118 118 118 102 102 102 102 118 118 118 118 102 102 107 043 043 043 043 043 043 043 043 106 102 102 102 102 102 043 102 102 102 043 102 102 102 102 102 102 107 043 043 043 043 043 043 043 043 106 102 118 118 102 118 118 102 118 118 102 118 118 102 118 118 102 107 043
043 106 102 118 102 102 102 118 102 102 118 102 102 102 102 118 102 102 107 043 043 043 043 043 043 043 043 106 102 102 102 102 118 118 102 102 102 102 118 118 102 102 102 102 107 043 043 043 043 043 043 043 043 106 102 102 118 118 118 118 102 102 102 102 118 118 118 118 102 102 107 043 043 043 043 043 043 043 043 106 043 043 043 043 102 043 102 043 102 043 102 043 043 043 043 043 107 043 043 043 043 043 043 043 043 106 102 102 102 102 118 118 102 102 102 102 118 118 102 102 102 102 107 043
043 106 102 118 102 102 102 118 102 102 118 102 102 102 102 118 102 102 107 043 043 043 043 043 043 043 043 106 102 102 102 102 102 102 102 102 102 102 102 102 102 102 102 102 107 043 043 043 043 043 043 043 043 106 102 102 102 102 102 102 102 102 102 102 102 102 102 102 102 102 107 043 043 043 043 043 043 043 043 106 043 043 043 043 102 043 102 043 102 043 102 102 102 102 043 043 107 043 043 043 043 043 043 043 043 106 102 102 102 102 118 118 102 102 102 102 118 118 102 102 102 102 107 043
043 106 102 118 102 102 102 118 102 102 118 102 102 102 102 118 102 102 107 043 043 043 043 043 043 043 043 106 102 102 118 118 102 102 102 102 102 102 102 102 118 118 102 102 107 043 043 043 043 043 043 043 043 106 102 102 102 102 102 102 102 102 102 102 102 102 102 102 102 102 107 043 043 043 043 043 043 043 043 106 102 102 102 102 102 043 102 043 102 043 043 043 043 102 043 043 107 043 043 043 043 043 043 043 043 106 102 102 102 102 118 118 118 102 102 118 118 118 102 102 102 102 107 043
043 106 102 118 102 102 102 118 102 102 118 118 118 118 118 118 102 102 107 043 043 043 043 043 043 043 043 106 102 102 102 102 102 102 102 102 102 102 102 102 102 102 102 102 107 043 043 043 043 043 043 043 043 106 102 102 102 102 102 102 102 102 102 102 102 102 102 102 102 102 107 043 043 043 043 043 043 043 043 106 102 043 043 043 043 043 102 043 102 102 102 102 102 102 043 043 107 043 043 043 043 043 043 043 043 106 102 102 102 102 118 118 118 118 118 118 118 118 102 102 102 102 107 043
043 106 102 102 102 102 102 102 102 102 102 102 102 102 102 102 102 102 107 043 043 043 043 043 043 043 043 106 102 102 102 102 102 102 102 102 102 102 102 102 102 102 102 102 107 043 043 043 043 043 043 043 043 106 102 102 102 102 102 102 102 102 102 102 102 102 102 102 102 102 107 043 043 043 043 043 043 043 043 106 102 102 102 102 102 102 102 102 102 043 043 043 043 043 043 043 107 043 043 043 043 043 043 043 043 106 102 102 102 102 118 118 118 118 118 118 118 118 102 102 102 102 107 043
043 110 108 108 108 108 108 108 108 108 108 108 108 108 108 108 108 108 109 043 043 043 043 043 043 043 043 110 108 108 108 108 108 108 108 108 108 108 108 108 108 108 108 108 109 043 043 043 043 043 043 043 043 110 108 108 108 108 108 108 108 108 108 108 108 108 108 108 108 108 109 043 043 043 043 043 043 043 043 110 108 108 108 108 108 108 108 108 108 108 108 108 108 108 108 108 109 043 043 043 043 043 043 043 043 110 108 108 108 108 108 108 108 108 108 108 108 108 108 108 108 108 109 043
043 043 043 043 043 043 043 043 043 043 043 043 043 043 043 043 043 043 043 043 043 043 043 043 043 043 043 043 043 043 043 043 043 043 043 043 043 043 043 043 043 043 043 043 043 043 043 043 043 043 043 043 043 043 043 043 043 043 043 043 043 043 043 043 043 043 043 043 043 043 043 043 043 043 043 043 043 043 043 043 043 043 043 043 043 043 043 043 043 043 043 043 043 043 043 043 043 043 043 043 043 043 043 043 043 043 043 043 043 043 043 043 043 043 043 043 043 043 043 043 043 043 043 043
043 043 043 043 043 043 043 043 043 043 043 043 043 043 043 043 043 043 043 043 043 043 043 043 043 043 043 043 043 043 043 043 043 043 043 043 043 043 043 043 043 043 043 043 043 043 043 043 043 043 043 043 043 043 043 043 043 043 043 043 043 043 043 043 043 043 043 043 043 043 043 043 043 043 043 043 043 043 043 043 043 043 043 043 043 043 043 043 043 043 043 043 043 043 043 043 043 043 043 043 043 043 043 043 043 043 043 043 043 043 043 043 043 043 043 043 043 043 043 043 043 043 043 043
043 043 043 043 043 043 043 043 043 043 043 043 043 043 043 043 043 043 043 043 043 043 043 043 043 043 043 043 043 043 043 043 043 043 043 043 043 043 043 043 043 043 043 043 043 043 043 043 043 043 043 043 043 043 043 043 043 043 043 043 043 043 043 043 043 043 043 043 043 043 043 043 043 043 043 043 043 043 043 043 043 043 043 043 043 043 043 043 043 043 043 043 043 043 043 043 043 043 043 043 043 043 043 043 043 043 043 043 043 043 043 043 043 043 043 043 043 043 043 043 043 043 043 043
043 043 043 043 043 043 043 043 043 043 043 043 043 043 043 043 043 043 043 043 043 043 043 043 043 043 043 043 043 043 043 043 043 043 043 043 043 043 043 043 043 043 043 043 043 043 043 043 043 043 043 043 043 043 043 043 043 043 043 043 043 043 043 043 043 043 043 043 043 043 043 043 043 043 043 043 043 043 043 043 043 043 043 043 043 043 043 043 043 043 043 043 043 043 043 043 043 043 043 043 043 043 043 043 043 043 043 043 043 043 043 043 043 043 043 043 043 043 043 043 043 043 043 043
043 043 043 043 043 043 043 043 043 043 043 043 043 043 043 043 043 043 043 043 043 043 043 043 043 043 043 043 043 043 043 043 043 043 043 043 043 043 043 043 043 043 043 043 043 043 043 043 043 043 043 043 043 043 043 043 043 043 043 043 043 043 043 043 043 043 043 043 043 043 043 043 043 043 043 043 043 043 043 043 043 043 043 043 043 043 043 043 043 043 043 043 043 043 043 043 043 043 043 043 043 043 043 043 043 043 043 043 043 043 043 043 043 043 043 043 043 043 043 043 043 043 043 043
043 043 043 043 043 043 043 043 043 043 043 043 043 043 043 043 043 043 043 043 043 043 043 043 043 043 043 043 043 043 043 043 043 043 043 043 043 043 043 043 043 043 043 043 043 043 043 043 043 043 043 043 043 043 043 043 043 043 043 043 043 043 043 043 043 043 043 043 043 043 043 043 043 043 043 043 043 043 043 043 043 043 043 043 043 043 043 043 043 043 043 043 043 043 043 043 043 043 043 043 043 043 043 043 043 043 043 043 043 043 043 043 043 043 043 043 043 043 043 043 043 043 043 043
043 043 043 043 043 043 043 043 043 043 043 043 043 043 043 043 043 043 043 043 043 043 043 043 043 043 043 043 043 043 043 043 043 043 043 043 043 043 043 043 043 043 043 043 043 043 043 043 043 043 043 043 043 043 043 043 043 043 043 043 043 043 043 043 043 043 043 043 043 043 043 043 043 043 043 043 043 043 043 043 043 043 043 043 043 043 043 043 043 043 043 043 043 043 043 043 043 043 043 043 043 043 043 043 043 043 043 043 043 043 043 043 043 043 043 043 043 043 043 043 043 043 043 043
043 043 043 043 043 043 043 043 043 043 043 043 043 043 043 043 043 043 043 043 043 043 043 043 043 043 043 043 043 043 043 043 043 043 043 043 043 043 043 043 043 043 043 043 043 043 043 043 043 043 043 043 043 043 043 043 043 043 043 043 043 043 043 043 043 043 043 043 043 043 043 043 043 043 043 043 043 043 043 043 043 043 043 043 043 043 043 043 043 043 043 043 043 043 043 043 043 043 043 043 043 043 043 043 043 043 043 043 043 043 043 043 043 043 043 043 043 043 043 043 043 043 043 043
043 043 043 043 043 043 043 043 043 043 043 043 043 043 043 043 043 043 043 043 043 043 043 043 043 043 043 043 043 043 043 043 043 043 043 043 043 043 043 043 043 043 043 043 043 043 043 043 043 043 043 043 043 043 043 043 043 043 043 043 043 043 043 043 043 043 043 043 043 043 043 043 043 043 043 043 043 043 043 043 043 043 043 043 043 043 043 043 043 043 043 043 043 043 043 043 043 043 043 043 043 043 043 043 043 043 043 043 043 043 043 043 043 043 043 043 043 043 043 043 043 043 043 043
043 103 105 105 105 105 105 105 105 105 105 105 105 105 105 105 105 105 104 043 043 043 043 043 043 043 043 103 105 105 105 105 105 105 105 105 105 105 105 105 105 105 105 105 104 043 043 043 043 043 043 043 043 103 105 105 105 105 105 105 105 105 105 105 105 105 105 105 105 105 104 043 043 043 043 043 043 043 043 103 105 105 105 105 105 105 105 105 105 105 105 105 105 105 105 105 104 043 043 043 043 043 043 043 043 103 105 105 105 105 105 105 105 105 105 105 105 105 105 105 105 105 104 043
043 106 118 118 118 118 118 118 118 102 102 118 118 118 118 118 118 118 107 043 043 043 043 043 043 043 043 106 102 102 102 102 102 102 118 102 102 102 102 102 118 118 102 102 107 043 043 043 043 043 043 043 043 106 043 043 043 043 043 043 043 102 102 043 043 043 043 043 043 043 107 043 043 043 043 043 043 043 043 106 102 102 102 102 102 102 102 102 102 102 118 118 118 118 118 118 107 043 043 043 043 043 043 043 043 106 043 043 043 043 043 043 043 043 043 043 043 043 043 043 043 043 107 043
043 106 118 118 118 118 102 118 118 102 102 102 102 102 102 102 102 102 107 043 043 043 043 043 043 043 043 106 102 102 102 102 102 102 118 102 102 102 102 118 102 102 102 102 107 043 043 043 043 043 043 043 043 106 043 043 043 043 043 043 102 102 102 102 043 043 043 043 043 043 107 043 043 043 043 043 043 043 043 106 102 102 102 102 102 102 102 102 102 102 102 102 102 102 102 118 107 043 043 043 043 043 043 043 043 106 043 043 043 043 043 043 043 043 043 043 043 043 043 043 043 043 107 043
043 106 118 118 102 102 102 102 102 102 102 118 102 118 102 118 118 102 107 043 043 043 043 043 043 043 043 106 102 102 102 102 102 102 118 102 102 102 118 102 102 102 102 102 107 043 043 043 043 043 043 043 043 106 043 043 043 043 043 043 102 102 102 102 043 043 043 043 043 043 107 043 043 043 043 043 043 043 043 106 102 102 102 102 102 102 102 102 102 102 102 102 118 118 118 118 107 043 043 043 043 043 043 043 043 106 043 043 043 102 102 102 102 102 102 102 102 102 102 043 043 043 107 043
043 106 118 102 102 118 118 118 118 118 118 118 102 118 118 118 118 102 107 043 043 043 043 043 043 043 043 106 102 102 102 102 102 118 102 102 102 118 102 102 102 118 102 102 107 043 043 043 043 043 043 043 043 106 043 102 102 102 102 102 102 102 102 102 102 102 102 102 102 043 107 043 043 043 043 043 043 043 043 106 102 102 102 102 102 102 102 102 102 102 102 118 118 118 118 118 107 043 043 043 043 043 043 043 043 106 043 043 043 102 102 102 102 102 102 102 102 102 102 043 043 043 107 043
043 106 118 118 102 118 118 118 118 118 118 118 102 118 118 118 118 102 107 043 043 043 043 043 043 043 043 106 102 102 102 102 118 102 102 102 118 102 102 102 118 102 102 102 107 043 043 043 043 043 043 043 043 106 043 102 102 043 043 043 043 043 043 043 043 043 043 102 102 043 107 043 043 043 043 043 043 043 043 106 102 102 102 102 102 102 102 102 102 102 102 118 118 118 118 118 107 043 043 043 043 043 043 043 043 106 043 043 043 102 102 102 102 102 102 102 102 102 102 043 043 043 107 043
043 106 102 102 102 118 102 118 118 102 118 118 102 102 118 118 102 102 107 043 043 043 043 043 043 043 043 106 102 102 102 118 102 102 102 118 102 102 102 118 102 102 102 102 107 043 043 043 043 043 043 043 043 106 043 102 043 043 043 043 043 043 043 043 043 043 043 043 102 043 107 043 043 043 043 043 043 043 043 106 102 102 102 102 102 102 102 102 102 102 102 102 102 102 102 102 107 043 043 043 043 043 043 043 043 106 102 102 102 102 102 102 102 102 102 102 102 102 102 102 102 102 107 043
043 106 102 102 118 118 102 102 102 102 102 102 102 118 118 118 118 102 107 043 043 043 043 043 043 043 043 106 102 102 118 102 102 102 118 102 102 102 118 102 102 102 102 118 107 043 043 043 043 043 043 043 043 106 043 102 043 043 043 043 043 043 043 043 043 043 043 043 102 043 107 043 043 043 043 043 043 043 043 106 102 102 102 102 102 102 102 102 102 102 102 102 102 102 102 102 107 043 043 043 043 043 043 043 043 106 102 102 102 102 102 102 102 102 102 102 102 102 102 102 102 102 107 043
043 106 118 102 102 102 102 102 118 118 118 118 102 118 118 118 118 102 107 043 043 043 043 043 043 043 043 106 118 118 102 102 102 118 102 102 102 118 102 102 102 102 118 102 107 043 043 043 043 043 043 043 043 106 043 102 102 043 043 043 043 043 043 043 043 043 043 102 102 043 107 043 043 043 043 043 043 043 043 106 118 118 118 118 118 118 102 102 102 102 102 102 102 102 102 102 107 043 043 043 043 043 043 043 043 106 043 043 043 102 102 102 102 102 102 102 102 102 102 043 043 043 107 043
043 106 118 118 118 118 102 118 118 118 118 118 102 102 118 102 102 102 107 043 043 043 043 043 043 043 043 106 102 102 102 102 118 102 102 102 118 102 102 102 102 102 102 102 107 043 043 043 043 043 043 043 043 106 043 102 102 102 102 102 102 102 102 102 102 102 102 102 102 043 107 043 043 043 043 043 043 043 043 106 118 118 118 118 118 102 102 102 102 102 102 102 102 102 102 102 107 043 043 043 043 043 043 043 043 106 043 043 043 102 102 102 102 102 102 102 102 102 102 043 043 043 107 043
043 106 118 102 102 118 118 118 102 118 118 118 102 118 118 102 102 102 107 043 043 043 043 043 043 043 043 106 102 102 102 118 102 102 102 118 102 102 102 102 118 102 102 102 107 043 043 043 043 043 043 043 043 106 043 043 043 043 043 043 102 102 102 102 043 043 043 043 043 043 107 043 043 043 043 043 043 043 043 106 118 118 118 118 102 102 102 102 102 102 102 102 102 102 102 102 107 043 043 043 043 043 043 043 043 106 043 043 043 102 102 102 102 102 102 102 102 102 102 043 043 043 107 043
043 106 118 102 102 102 102 102 102 102 102 102 102 118 118 102 102 102 107 043 043 043 043 043 043 043 043 106 102 102 102 102 102 102 118 102 102 102 102 118 102 102 102 102 107 043 043 043 043 043 043 043 043 106 043 043 043 043 043 043 102 102 102 102 043 043 043 043 043 043 107 043 043 043 043 043 043 043 043 106 118 102 102 102 102 102 102 102 102 102 102 102 102 102 102 102 107 043 043 043 043 043 043 043 043 106 043 043 043 043 043 043 043 043 043 043 043 043 043 043 043 043 107 043
043 106 118 118 118 118 118 118 118 118 102 118 118 118 118 102 102 102 107 043 043 043 043 043 043 043 043 106 102 102 102 102 102 102 118 102 102 102 118 102 102 102 102 102 107 043 043 043 043 043 043 043 043 106 043 043 043 043 043 043 043 102 102 043 043 043 043 043 043 043 107 043 043 043 043 043 043 043 043 106 118 118 118 118 118 118 102 102 102 102 102 102 102 102 102 102 107 043 043 043 043 043 043 043 043 106 043 043 043 043 043 043 043 043 043 043 043 043 043 043 043 043 107 043
043 110 108 108 108 108 108 108 108 108 108 108 108 108 108 108 108 108 109 043 043 043 043 043 043 043 043 110 108 108 108 108 108 108 108 108 108 108 108 108 108 108 108 108 109 043 043 043 043 043 043 043 043 110 108 108 108 108 108 108 108 108 108 108 108 108 108 108 108 108 109 043 043 043 043 043 043 043 043 110 108 108 108 108 108 108 108 108 108 108 108 108 108 108 108 108 109 043 043 043 043 043 043 043 043 110 108 108 108 108 108 108 108 108 108 108 108 108 108 108 108 108 109 043
043 043 043 043 043 043 043 043 043 043 043 043 043 043 043 043 043 043 043 043 043 043 043 043 043 043 043 043 043 043 043 043 043 043 043 043 043 043 043 043 043 043 043 043 043 043 043 043 043 043 043 043 043 043 043 043 043 043 043 043 043 043 043 043 043 043 043 043 043 043 043 043 043 043 043 043 043 043 043 043 043 043 043 043 043 043 043 043 043 043 043 043 043 043 043 043 043 043 043 043 043 043 043 043 043 043 043 043 043 043 043 043 043 043 043 043 043 043 043 043 043 043 043 043
043 043 043 043 043 043 043 043 043 043 043 043 043 043 043 043 043 043 043 043 043 043 043 043 043 043 043 043 043 043 043 043 043 043 043 043 043 043 043 043 043 043 043 043 043 043 043 043 043 043 043 043 043 043 043 043 043 043 043 043 043 043 043 043 043 043 043 043 043 043 043 043 043 043 043 043 043 043 043 043 043 043 043 043 043 043 043 043 043 043 043 043 043 043 043 043 043 043 043 043 043 043 043 043 043 043 043 043 043 043 043 043 043 043 043 043 043 043 043 043 043 043 043 043
043 043 043 043 043 043 043 043 043 043 043 043 043 043 043 043 043 043 043 043 043 043 043 043 043 043 043 043 043 043 043 043 043 043 043 043 043 043 043 043 043 043 043 043 043 043 043 043 043 043 043 043 043 043 043 043 043 043 043 043 043 043 043 043 043 043 043 043 043 043 043 043 043 043 043 043 043 043 043 043 043 043 043 043 043 043 043 043 043 043 043 043 043 043 043 043 043 043 043 043 043 043 043 043 043 043 043 043 043 043 043 043 043 043 043 043 043 043 043 043 043 043 043 043
043 043 043 043 043 043 043 043 043 043 043 043 043 043 043 043 043 043 043 043 043 043 043 043 043 043 043 043 043 043 043 043 043 043 043 043 043 043 043 043 043 043 043 043 043 043 043 043 043 043 043 043 043 043 043 043 043 043 043 043 043 043 043 043 043 043 043 043 043 043 043 043 043 043 043 043 043 043 043 043 043 043 043 043 043 043 043 043 043 043 043 043 043 043 043 043 043 043 043 043 043 043 043 043 043 043 043 043 043 043 043 043 043 043 043 043 043 043 043 043 043 043 043 043
043 043 043 043 043 043 043 043 043 043 043 043 043 043 043 043 043 043 043 043 043 043 043 043 043 043 043 043 043 043 043 043 043 043 043 043 043 043 043 043 043 043 043 043 043 043 043 043 043 043 043 043 043 043 043 043 043 043 043 043 043 043 043 043 043 043 043 043 043 043 043 043 043 043 043 043 043 043 043 043 043 043 043 043 043 043 043 043 043 043 043 043 043 043 043 043 043 043 043 043 043 043 043 043 043 043 043 043 043 043 043 043 043 043 043 043 043 043 043 043 043 043 043 043
043 043 043 043 043 043 043 043 043 043 043 043 043 043 043 043 043 043 043 043 043 043 043 043 043 043 043 043 043 043 043 043 043 043 043 043 043 043 043 043 043 043 043 043 043 043 043 043 043 043 043 043 043 043 043 043 043 043 043 043 043 043 043 043 043 043 043 043 043 043 043 043 043 043 043 043 043 043 043 043 043 043 043 043 043 043 043 043 043 043 043 043 043 043 043 043 043 043 043 043 043 043 043 043 043 043 043 043 043 043 043 043 043 043 043 043 043 043 043 043 043 043 043 043
043 043 043 043 043 043 043 043 043 043 043 043 043 043 043 043 043 043 043 043 043 043 043 043 043 043 043 043 043 043 043 043 043 043 043 043 043 043 043 043 043 043 043 043 043 043 043 043 043 043 043 043 043 043 043 043 043 043 043 043 043 043 043 043 043 043 043 043 043 043 043 043 043 043 043 043 043 043 043 043 043 043 043 043 043 043 043 043 043 043 043 043 043 043 043 043 043 043 043 043 043 043 043 043 043 043 043 043 043 043 043 043 043 043 043 043 043 043 043 043 043 043 043 043
043 043 043 043 043 043 043 043 043 043 043 043 043 043 043 043 043 043 043 043 043 043 043 043 043 043 043 043 043 043 043 043 043 043 043 043 043 043 043 043 043 043 043 043 043 043 043 043 043 043 043 043 043 043 043 043 043 043 043 043 043 043 043 043 043 043 043 043 043 043 043 043 043 043 043 043 043 043 043 043 043 043 043 043 043 043 043 043 043 043 043 043 043 043 043 043 043 043 043 043 043 043 043 043 043 043 043 043 043 043 043 043 043 043 043 043 043 043 043 043 043 043 043 043
043 043 043 043 043 043 043 043 043 043 043 043 043 043 043 043 043 043 043 043 043 043 043 043 043 043 043 043 043 043 043 043 043 043 043 043 043 043 043 043 043 043 043 043 043 043 043 043 043 043 043 043 043 043 043 043 043 043 043 043 043 043 043 043 043 043 043 043 043 043 043 043 043 043 043 043 043 043 043 043 043 043 043 043 043 043 043 043 043 043 043 043 043 043 043 043 043 043 043 043 043 043 043 043 043 043 043 043 043 043 043 043 043 043 043 043 043 043 043 043 043 043 043 043
043 103 105 105 105 105 105 105 105 105 105 105 105 105 105 105 105 105 104 043 043 043 043 043 043 043 043 103 105 105 105 105 105 105 105 105 105 105 105 105 105 105 105 105 104 043 043 043 043 043 043 043 043 103 105 105 105 105 105 105 105 105 105 105 105 105 105 105 105 105 104 043 043 043 043 043 043 043 043 103 105 105 105 105 105 105 105 105 105 105 105 105 105 105 105 105 104 043 043 043 043 043 043 043 043 103 105 105 105 105 105 105 105 105 105 105 105 105 105 105 105 105 104 043
043 106 102 102 118 118 118 102 102 102 102 102 102 102 118 118 118 102 107 043 043 043 043 043 043 043 043 106 102 102 102 102 102 102 118 102 102 118 102 102 102 102 102 102 107 043 043 043 043 043 043 043 043 106 043 043 043 043 043 043 043 102 102 043 043 043 043 043 043 043 107 043 043 043 043 043 043 043 043 106 111 111 111 043 043 043 043 043 043 043 043 043 043 043 043 043 107 043 043 043 043 043 043 043 043 106 043 043 043 043 043 043 043 102 102 043 043 043 043 043 043 043 107 043
043 106 102 102 118 118 118 102 102 102 102 102 102 102 118 102 102 102 107 043 043 043 043 043 043 043 043 106 102 102 102 102 102 102 118 102 102 118 102 102 102 102 102 102 107 043 043 043 043 043 043 043 043 106 043 043 043 043 043 043 043 102 102 043 043 043 043 043 043 043 107 043 043 043 043 043 043 043 043 106 111 111 111 043 043 043 043 043 043 111 111 111 043 043 043 043 107 043 043 043 043 043 043 043 043 106 043 043 043 043 043 043 043 102 102 043 043 043 043 043 043 043 107 043
043 106 102 102 118 118 118 102 102 102 102 102 102 102 118 102 102 102 107 043 043 043 043 043 043 043 043 106 102 102 102 102 102 102 118 102 102 118 102 102 102 102 102 102 107 043 043 043 043 043 043 043 043 106 043 102 102 102 102 102 102 102 102 102 102 102 102 102 102 043 107 043 043 043 043 043 043 043 043 106 111 043 043 043 043 043 043 043 111 111 043 111 043 043 043 043 107 043 043 043 043 043 043 043 043 106 043 043 043 043 043 043 043 102 102 043 043 043 043 043 043 043 107 043
043 106 102 102 118 102 102 102 102 102 102 102 102 102 118 102 102 102 107 043 043 043 043 043 043 043 043 106 102 102 102 102 102 102 118 102 102 118 102 102 102 102 102 102 107 043 043 043 043 043 043 043 043 106 043 102 102 102 102 102 102 102 102 102 102 102 102 102 102 043 107 043 043 043 043 043 043 043 043 106 111 043 043 043 043 043 043 111 111 043 043 111 043 043 043 043 107 043 043 043 043 043 043 043 043 106 043 043 043 102 102 102 102 102 102 102 102 102 102 043 043 043 107 043
043 106 102 102 118 102 118 102 102 102 102 102 102 102 118 118 118 102 107 043 043 043 043 043 043 043 043 106 118 118 118 118 118 118 118 102 102 118 118 118 118 118 118 118 107 043 043 043 043 043 043 043 043 106 043 102 102 102 102 102 102 102 102 102 102 102 102 102 102 043 107 043 043 043 043 043 043 043 043 106 111 043 043 043 043 043 111 111 043 043 043 111 043 043 043 043 107 043 043 043 043 043 043 043 043 106 043 043 102 102 102 102 102 102 102 102 102 102 102 102 043 043 107 043
043 106 102 102 102 102 102 102 102 102 102 102 102 102 102 102 102 102 107 043 043 043 043 043 043 043 043 106 102 102 102 102 102 102 102 102 102 102 102 102 102 102 102 102 107 043 043 043 043 043 043 043 043 106 102 102 102 102 102 102 102 102 102 102 102 102 102 102 102 102 107 043 043 043 043 043 043 043 043 106 111 043 043 043 043 111 111 043 043 043 043 111 043 111 102 102 107 043 043 043 043 043 043 043 043 106 043 043 102 102 102 102 102 102 102 102 102 102 102 102 043 043 107 043
043 106 102 102 102 102 102 102 102 102 102 102 102 102 102 102 102 102 107 043 043 043 043 043 043 043 043 106 102 102 102 102 102 102 102 102 102 102 102 102 102 102 102 102 107 043 043 043 043 043 043 043 043 106 102 102 102 102 102 102 102 102 102 102 102 102 102 102 102 102 107 043 043 043 043 043 043 043 043 106 111 043 043 043 111 111 043 043 043 043 043 111 043 111 102 102 107 043 043 043 043 043 043 043 043 106 043 043 102 102 102 102 102 102 102 102 102 102 102 102 043 043 107 043
043 106 102 102 118 118 118 102 102 102 102 102 102 102 102 118 102 102 107 043 043 043 043 043 043 043 043 106 118 118 118 118 118 118 118 102 102 118 118 118 118 118 118 118 107 043 043 043 043 043 043 043 043 106 043 102 102 102 102 102 102 102 102 102 102 102 102 102 102 043 107 043 043 043 043 043 043 043 043 106 111 043 043 111 111 043 043 043 043 043 043 111 043 111 043 043 107 043 043 043 043 043 043 043 043 106 043 043 102 102 102 102 102 102 102 102 102 102 102 102 043 043 107 043
043 106 102 102 118 102 102 102 102 102 102 102 102 102 118 118 118 102 107 043 043 043 043 043 043 043 043 106 102 102 102 102 102 102 118 102 102 118 102 102 102 102 102 102 107 043 043 043 043 043 043 043 043 106 043 102 102 102 102 102 102 102 102 102 102 102 102 102 102 043 107 043 043 043 043 043 043 043 043 106 111 043 111 111 043 043 043 043 043 043 043 111 043 111 043 043 107 043 043 043 043 043 043 043 043 106 043 043 102 102 102 102 102 102 102 102 102 102 102 102 043 043 107 043
043 106 102 102 118 102 102 102 102 102 102 102 102 102 118 102 118 102 107 043 043 043 043 043 043 043 043 106 102 102 102 102 102 102 118 102 102 118 102 102 102 102 102 102 107 043 043 043 043 043 043 043 043 106 043 102 102 102 102 102 102 102 102 102 102 102 102 102 102 043 107 043 043 043 043 043 043 043 043 106 111 111 111 043 043 043 043 043 043 043 043 111 043 111 043 043 107 043 043 043 043 043 043 043 043 106 043 043 043 102 102 102 102 102 102 102 102 102 102 043 043 043 107 043
043 106 102 102 118 102 102 102 102 102 102 102 102 102 118 102 118 102 107 043 043 043 043 043 043 043 043 106 102 102 102 102 102 102 118 102 102 118 102 102 102 102 102 102 107 043 043 043 043 043 043 043 043 106 043 043 043 043 043 043 043 043 043 043 043 043 043 043 043 043 107 043 043 043 043 043 043 043 043 106 111 111 043 043 043 043 043 043 043 043 043 111 111 111 043 043 107 043 043 043 043 043 043 043 043 106 043 043 043 043 043 043 043 043 043 043 043 043 043 043 043 043 107 043
043 106 102 102 118 102 102 102 102 102 102 102 102 102 102 102 102 102 107 043 043 043 043 043 043 043 043 106 102 102 102 102 102 102 118 102 102 118 102 102 102 102 102 102 107 043 043 043 043 043 043 043 043 106 043 043 043 043 043 043 043 043 043 043 043 043 043 043 043 043 107 043 043 043 043 043 043 043 043 106 111 043 043 043 043 043 043 043 043 043 043 043 043 043 043 043 107 043 043 043 043 043 043 043 043 106 043 043 043 043 043 043 043 043 043 043 043 043 043 043 043 043 107 043
043 110 108 108 108 108 108 108 108 108 108 108 108 108 108 108 108 108 109 043 043 043 043 043 043 043 043 110 108 108 108 108 108 108 108 108 108 108 108 108 108 108 108 108 109 043 043 043 043 043 043 043 043 110 108 108 108 108 108 108 108 108 108 108 108 108 108 108 108 108 109 043 043 043 043 043 043 043 043 110 108 108 108 108 108 108 108 108 108 108 108 108 108 108 108 108 109 043 043 043 043 043 043 043 043 110 108 108 108 108 108 108 108 108 108 108 108 108 108 108 108 108 109 043
043 043 043 043 043 043 043 043 043 043 043 043 043 043 043 043 043 043 043 043 043 043 043 043 043 043 043 043 043 043 043 043 043 043 043 043 043 043 043 043 043 043 043 043 043 043 043 043 043 043 043 043 043 043 043 043 043 043 043 043 043 043 043 043 043 043 043 043 043 043 043 043 043 043 043 043 043 043 043 043 043 043 043 043 043 043 043 043 043 043 043 043 043 043 043 043 043 043 043 043 043 043 043 043 043 043 043 043 043 043 043 043 043 043 043 043 043 043 043 043 043 043 043 043
043 043 043 043 043 043 043 043 043 043 043 043 043 043 043 043 043 043 043 043 043 043 043 043 043 043 043 043 043 043 043 043 043 043 043 043 043 043 043 043 043 043 043 043 043 043 043 043 043 043 043 043 043 043 043 043 043 043 043 043 043 043 043 043 043 043 043 043 043 043 043 043 043 043 043 043 043 043 043 043 043 043 043 043 043 043 043 043 043 043 043 043 043 043 043 043 043 043 043 043 043 043 043 043 043 043 043 043 043 043 043 043 043 043 043 043 043 043 043 043 043 043 043 043
043 043 043 043 043 043 043 043 043 043 043 043 043 043 043 043 043 043 043 043 043 043 043 043 043 043 043 043 043 043 043 043 043 043 043 043 043 043 043 043 043 043 043 043 043 043 043 043 043 043 043 043 043 043 043 043 043 043 043 043 043 043 043 043 043 043 043 043 043 043 043 043 043 043 043 043 043 043 043 043 043 043 043 043 043 043 043 043 043 043 043 043 043 043 043 043 043 043 043 043 043 043 043 043 043 043 043 043 043 043 043 043 043 043 043 043 043 043 043 043 043 043 043 043
043 043 043 043 043 043 043 043 043 043 043 043 043 043 043 043 043 043 043 043 043 043 043 043 043 043 043 043 043 043 043 043 043 043 043 043 043 043 043 043 043 043 043 043 043 043 043 043 043 043 043 043 043 043 043 043 043 043 043 043 043 043 043 043 043 043 043 043 043 043 043 043 043 043 043 043 043 043 043 043 043 043 043 043 043 043 043 043 043 043 043 043 043 043 043 043 043 043 043 043 043 043 043 043 043 043 043 043 043 043 043 043 043 043 043 043 043 043 043 043 043 043 043 043
043 043 043 043 043 043 043 043 043 043 043 043 043 043 043 043 043 043 043 043 043 043 043 043 043 043 043 043 043 043 043 043 043 043 043 043 043 043 043 043 043 043 043 043 043 043 043 043 043 043 043 043 043 043 043 043 043 043 043 043 043 043 043 043 043 043 043 043 043 043 043 043 043 043 043 043 043 043 043 043 043 043 043 043 043 043 043 043 043 043 043 043 043 043 043 043 043 043 043 043 043 043 043 043 043 043 043 043 043 043 043 043 043 043 043 043 043 043 043 043 043 043 043 043
043 043 043 043 043 043 043 043 043 043 043 043 043 043 043 043 043 043 043 043 043 043 043 043 043 043 043 043 043 043 043 043 043 043 043 043 043 043 043 043 043 043 043 043 043 043 043 043 043 043 043 043 043 043 043 043 043 043 043 043 043 043 043 043 043 043 043 043 043 043 043 043 043 043 043 043 043 043 043 043 043 043 043 043 043 043 043 043 043 043 043 043 043 043 043 043 043 043 043 043 043 043 043 043 043 043 043 043 043 043 043 043 043 043 043 043 043 043 043 043 043 043 043 043
043 043 043 043 043 043 043 043 043 043 043 043 043 043 043 043 043 043 043 043 043 043 043 043 043 043 043 043 043 043 043 043 043 043 043 043 043 043 043 043 043 043 043 043 043 043 043 043 043 043 043 043 043 043 043 043 043 043 043 043 043 043 043 043 043 043 043 043 043 043 043 043 043 043 043 043 043 043 043 043 043 043 043 043 043 043 043 043 043 043 043 043 043 043 043 043 043 043 043 043 043 043 043 043 043 043 043 043 043 043 043 043 043 043 043 043 043 043 043 043 043 043 043 043
043 043 043 043 043 043 043 043 043 043 043 043 043 043 043 043 043 043 043 043 043 043 043 043 043 043 043 043 043 043 043 043 043 043 043 043 043 043 043 043 043 043 043 043 043 043 043 043 043 043 043 043 043 043 043 043 043 043 043 043 043 043 043 043 043 043 043 043 043 043 043 043 043 043 043 043 043 043 043 043 043 043 043 043 043 043 043 043 043 043 043 043 043 043 043 043 043 043 043 043 043 043 043 043 043 043 043 043 043 043 043 043 043 043 043 043 043 043 043 043 043 043 043 043
043 043 043 043 043 043 043 043 043 043 043 043 043 043 043 043 043 043 043 043 043 043 043 043 043 043 043 043 043 043 043 043 043 043 043 043 043 043 043 043 043 043 043 043 043 043 043 043 043 043 043 043 043 043 043 043 043 043 043 043 043 043 043 043 043 043 043 043 043 043 043 043 043 043 043 043 043 043 043 043 043 043 043 043 043 043 043 043 043 043 043 043 043 043 043 043 043 043 043 043 043 043 043 043 043 043 043 043 043 043 043 043 043 043 043 043 043 043 043 043 043 043 043 043
043 103 105 105 105 105 105 105 105 105 105 105 105 105 105 105 105 105 104 043 043 043 043 043 043 043 043 103 105 105 105 105 105 105 105 105 105 105 105 105 105 105 105 105 104 043 043 043 043 043 043 043 043 103 105 105 105 105 105 105 105 105 105 105 105 105 105 105 105 105 104 043 043 043 043 043 043 043 043 103 105 105 105 105 105 105 105 105 105 105 105 105 105 105 105 105 104 043 043 043 043 043 043 043 043 103 105 105 105 105 105 105 105 105 105 105 105 105 105 105 105 105 104 043
043 106 102 102 102 102 102 102 102 102 102 102 102 102 102 102 102 102 107 043 043 043 043 043 043 043 043 106 102 102 102 102 102 102 102 102 102 102 102 102 102 102 102 102 107 043 043 043 043 043 043 043 043 106 102 102 102 102 102 102 102 102 102 102 102 102 102 102 102 102 107 043 043 043 043 043 043 043 043 106 102 102 102 102 102 102 102 102 102 102 102 102 102 102 102 102 107 043 043 043 043 043 043 043 043 106 102 102 102 102 102 102 102 102 102 102 102 102 102 102 102 102 107 043
043 106 102 102 102 102 102 102 102 102 102 102 102 102 102 102 102 102 107 043 043 043 043 043 043 043 043 106 102 102 102 102 102 102 102 102 102 102 102 102 102 102 102 102 107 043 043 043 043 043 043 043 043 106 102 102 102 102 102 102 102 102 102 102 102 102 102 102 102 102 107 043 043 043 043 043 043 043 043 106 102 102 102 102 102 102 102 102 102 102 102 102 102 102 102 102 107 043 043 043 043 043 043 043 043 106 102 102 102 102 102 102 102 102 102 102 102 102 102 102 102 102 107 043
043 106 102 102 102 102 102 102 102 102 102 102 102 102 102 102 102 102 107 043 043 043 043 043 043 043 043 106 102 102 102 102 102 102 102 102 102 102 102 102 102 102 102 102 107 043 043 043 043 043 043 043 043 106 102 102 102 102 102 102 102 102 102 102 102 102 102 102 102 102 107 043 043 043 043 043 043 043 043 106 102 102 102 102 102 102 102 102 102 102 102 102 102 102 102 102 107 043 043 043 043 043 043 043 043 106 102 102 102 102 102 102 102 102 102 102 102 102 102 102 102 102 107 043
043 106 102 102 102 102 102 102 102 102 102 102 102 102 102 102 102 102 107 043 043 043 043 043 043 043 043 106 118 118 118 118 118 118 118 118 118 118 118 118 118 118 118 118 107 043 043 043 043 043 043 043 043 106 102 102 102 102 102 102 102 102 102 102 102 102 102 102 102 102 107 043 043 043 043 043 043 043 043 106 102 102 102 102 102 102 102 102 102 102 102 102 102 102 102 102 107 043 043 043 043 043 043 043 043 106 102 102 102 102 102 102 102 102 102 102 102 102 102 102 102 102 107 043
043 106 102 102 102 102 102 102 118 118 118 118 118 118 118 118 118 118 107 043 043 043 043 043 043 043 043 106 102 102 102 102 102 102 102 102 102 102 102 102 102 102 102 102 107 043 043 043 043 043 043 043 043 106 102 102 102 102 102 102 102 102 102 102 102 102 102 102 102 102 107 043 043 043 043 043 043 043 043 106 102 102 102 102 102 102 102 102 102 102 102 102 102 102 102 102 107 043 043 043 043 043 043 043 043 106 102 102 102 102 102 102 102 102 102 102 102 102 102 102 102 102 107 043
043 106 102 102 102 102 102 102 118 102 102 102 102 102 102 102 102 102 107 043 043 043 043 043 043 043 043 106 102 102 102 102 102 102 102 102 102 102 102 102 102 102 102 102 107 043 043 043 043 043 043 043 043 106 102 102 102 102 102 102 102 102 102 102 102 102 102 102 102 102 107 043 043 043 043 043 043 043 043 106 102 102 102 102 102 102 102 102 102 102 102 102 102 102 102 102 107 043 043 043 043 043 043 043 043 106 102 102 102 102 102 102 102 102 102 102 102 102 102 102 102 102 107 043
043 106 102 102 102 102 102 102 118 102 102 102 102 102 102 102 102 102 107 043 043 043 043 043 043 043 043 106 102 102 102 102 102 102 102 102 102 102 102 102 102 102 102 102 107 043 043 043 043 043 043 043 043 106 102 102 102 102 102 102 102 102 102 102 102 102 102 102 102 102 107 043 043 043 043 043 043 043 043 106 102 102 102 102 102 102 102 102 102 102 102 102 102 102 102 102 107 043 043 043 043 043 043 043 043 106 102 102 102 102 102 102 102 102 102 102 102 102 102 102 102 102 107 043
043 106 102 102 102 102 102 102 118 102 102 118 118 118 118 118 118 118 107 043 043 043 043 043 043 043 043 106 102 102 102 102 102 102 102 102 102 102 102 102 102 102 102 102 107 043 043 043 043 043 043 043 043 106 102 102 102 102 102 102 102 102 102 102 102 102 102 102 102 102 107 043 043 043 043 043 043 043 043 106 102 102 102 102 102 102 102 102 102 102 102 102 102 102 102 102 107 043 043 043 043 043 043 043 043 106 102 102 102 102 102 102 102 102 102 102 102 102 102 102 102 102 107 043
043 106 102 102 102 102 102 102 118 102 102 118 102 102 102 102 102 102 107 043 043 043 043 043 043 043 043 106 118 118 118 118 118 118 118 118 118 118 118 118 118 118 118 118 107 043 043 043 043 043 043 043 043 106 102 102 102 102 102 102 102 102 102 102 102 102 102 102 102 102 107 043 043 043 043 043 043 043 043 106 102 102 102 102 102 102 102 102 102 102 102 102 102 102 102 102 107 043 043 043 043 043 043 043 043 106 102 102 102 102 102 102 102 102 102 102 102 102 102 102 102 102 107 043
043 106 102 102 102 102 102 102 118 102 102 118 102 102 102 102 102 102 107 043 043 043 043 043 043 043 043 106 102 102 102 102 102 102 102 102 102 102 102 102 102 102 102 102 107 043 043 043 043 043 043 043 043 106 102 102 102 102 102 102 102 102 102 102 102 102 102 102 102 102 107 043 043 043 043 043 043 043 043 106 102 102 102 102 102 102 102 102 102 102 102 102 102 102 102 102 107 043 043 043 043 043 043 043 043 106 102 102 102 102 102 102 102 102 102 102 102 102 102 102 102 102 107 043
043 106 102 102 102 102 102 102 118 102 102 118 102 102 102 102 102 102 107 043 043 043 043 043 043 043 043 106 102 102 102 102 102 102 102 102 102 102 102 102 102 102 102 102 107 043 043 043 043 043 043 043 043 106 102 102 102 102 102 102 102 102 102 102 102 102 102 102 102 102 107 043 043 043 043 043 043 043 043 106 102 102 102 102 102 102 102 102 102 102 102 102 102 102 102 102 107 043 043 043 043 043 043 043 043 106 102 102 102 102 102 102 102 102 102 102 102 102 102 102 102 102 107 043
043 106 102 102 102 102 102 102 118 102 102 118 102 102 102 102 102 102 107 043 043 043 043 043 043 043 043 106 102 102 102 102 102 102 102 102 102 102 102 102 102 102 102 102 107 043 043 043 043 043 043 043 043 106 102 102 102 102 102 102 102 102 102 102 102 102 102 102 102 102 107 043 043 043 043 043 043 043 043 106 102 102 102 102 102 102 102 102 102 102 102 102 102 102 102 102 107 043 043 043 043 043 043 043 043 106 102 102 102 102 102 102 102 102 102 102 102 102 102 102 102 102 107 043
043 110 108 108 108 108 108 108 108 108 108 108 108 108 108 108 108 108 109 043 043 043 043 043 043 043 043 110 108 108 108 108 108 108 108 108 108 108 108 108 108 108 108 108 109 043 043 043 043 043 043 043 043 110 108 108 108 108 108 108 108 108 108 108 108 108 108 108 108 108 109 043 043 043 043 043 043 043 043 110 108 108 108 108 108 108 108 108 108 108 108 108 108 108 108 108 109 043 043 043 043 043 043 043 043 110 108 108 108 108 108 108 108 108 108 108 108 108 108 108 108 108 109 043