100 182
500 500
43 43 43 43 43 43 43 43 43 43 43 43 43 43 43 43 43 43 43 43 43 43 43 43 43 43 43 43 43 43 43 43 43 43 43 43 43 43 43 43 43 43 43 43 43 43 43 43 43 43 43 43 43 43 43 43 43 43 43 43 43 43 43 43 43 43 43 43 43 43 43 43 43 43 43 43 43 43 43 43 43 43 43 43 43 43 43 43 43 43 43 43 43 43 43 43 43 43 43 43
43 43 69 69 69 69 69 69 69 69 69 69 69 69 69 69 69 69 69 69 43 43 43 43 43 43 43 43 69 69 69 69 69 69 69 69 69 69 69 69 69 69 69 69 69 69 43 43 43 43 43 43 43 43 69 69 69 69 69 69 69 69 69 69 69 69 69 69 69 69 69 69 43 43 43 43 43 43 43 43 69 69 69 69 69 69 69 69 69 69 69 69 69 69 69 69 69 69 43 43
43 71 56 57 57 57 57 57 57 57 57 57 57 57 57 57 57 57 57 58 70 43 43 43 43 43 43 71 44 45 45 45 45 45 45 45 45 45 45 45 45 45 45 45 45 46 70 43 43 43 43 43 43 71 50 51 51 51 51 51 51 51 51 51 51 51 51 51 51 51 51 52 70 43 43 43 43 43 43 71 62 63 63 63 63 63 63 63 63 63 63 63 63 63 63 63 63 64 70 43
43 71 59 60 60 60 60 60 60 60 60 60 60 60 60 60 60 60 60 61 70 43 43 43 43 43 43 71 47 48 48 48 48 48 48 48 48 48 48 48 48 48 48 48 48 49 70 43 43 43 43 43 43 71 53 54 54 54 54 54 54 54 54 54 54 54 54 54 54 54 54 55 70 43 43 43 43 43 43 71 65 66 66 66 66 66 66 66 66 66 66 66 66 66 66 66 66 67 70 43
43 71 39 39 39 39 39 39 39 39 39 39 39 39 39 39 39 39 39 39 70 43 43 43 43 43 43 71 41 41 41 41 41 41 41 41 41 41 41 41 41 41 41 41 41 41 70 43 43 43 43 43 43 71 40 40 40 40 40 40 40 40 40 40 40 40 40 40 40 40 40 40 70 43 43 43 43 43 43 71 42 42 42 42 42 42 42 42 42 42 42 42 42 42 42 42 42 42 70 43
43 71 39 39 39 39 39 39 39 39 39 39 39 39 39 39 39 39 39 39 70 43 43 43 43 43 43 71 41 41 41 41 41 41 41 41 41 41 41 41 41 41 41 41 41 41 70 43 43 43 43 43 43 71 40 40 40 40 40 40 40 40 40 40 40 40 40 40 40 40 40 40 70 43 43 43 43 43 43 71 42 42 42 42 42 42 42 42 42 42 42 42 42 42 42 42 42 42 70 43
43 71 39 39 39 39 39 39 39 39 39 39 39 39 39 39 39 39 39 39 70 43 43 43 43 43 43 71 41 41 41 41 41 41 41 41 41 41 41 41 41 41 41 41 41 41 70 43 43 43 43 43 43 71 40 40 40 40 40 40 40 40 40 40 40 40 40 40 40 40 40 40 70 43 43 43 43 43 43 71 42 42 42 42 42 42 42 42 42 42 42 42 42 42 42 42 42 42 70 43
43 71 39 39 39 39 39 39 39 39 39 39 39 39 39 39 39 39 39 39 70 43 43 43 43 43 43 71 41 41 41 41 41 41 41 41 41 41 41 41 41 41 41 41 41 41 70 43 43 43 43 43 43 71 40 40 40 40 40 40 40 40 40 40 40 40 40 40 40 40 40 40 70 43 43 43 43 43 43 71 42 42 42 42 42 42 42 42 42 42 42 42 42 42 42 42 42 42 70 43
43 71 39 39 39 39 39 39 39 39 39 39 39 39 39 39 39 39 39 39 70 43 43 43 43 43 43 71 41 41 41 41 41 41 41 41 41 41 41 41 41 41 41 41 41 41 70 43 43 43 43 43 43 71 40 40 40 40 40 40 40 40 40 40 40 40 40 40 40 40 40 40 70 43 43 43 43 43 43 71 42 42 42 42 42 42 42 42 42 42 42 42 42 42 42 42 42 42 70 43
43 43 68 68 68 68 68 73 39 39 39 39 39 39 39 39 39 39 39 39 70 43 43 43 43 43 43 43 68 68 68 68 68 73 41 41 41 41 41 41 41 41 41 41 41 41 70 43 43 43 43 43 43 43 68 68 68 68 68 73 40 40 40 40 40 40 40 40 40 40 40 40 70 43 43 43 43 43 43 43 68 68 68 68 68 73 42 42 42 42 42 42 42 42 42 42 42 42 70 43
43 43 69 69 69 69 69 75 39 39 39 39 39 39 39 39 39 39 39 39 70 43 43 43 43 43 43 43 69 69 69 69 69 75 41 41 41 41 41 41 41 41 41 41 41 41 70 43 43 43 43 43 43 43 69 69 69 69 69 75 40 40 40 40 40 40 40 40 40 40 40 40 70 43 43 43 43 43 43 43 69 69 69 69 69 75 42 42 42 42 42 42 42 42 42 42 42 42 70 43
43 71 56 57 57 57 57 58 39 39 39 39 39 39 39 39 39 39 39 39 70 43 43 43 43 43 43 71 44 45 45 45 45 46 41 41 41 41 41 41 41 41 41 41 41 41 70 43 43 43 43 43 43 71 50 51 51 51 51 52 40 40 40 40 40 40 40 40 40 40 40 40 70 43 43 43 43 43 43 71 62 63 63 63 63 64 42 42 42 42 42 42 42 42 42 42 42 42 70 43
43 71 59 60 60 60 60 61 39 39 39 39 39 39 39 39 39 39 39 39 70 43 43 43 43 43 43 71 47 48 48 48 48 49 41 41 41 41 41 41 41 41 41 41 41 41 70 43 43 43 43 43 43 71 53 54 54 54 54 55 40 40 40 40 40 40 40 40 40 40 40 40 70 43 43 43 43 43 43 71 65 66 66 66 66 67 42 42 42 42 42 42 42 42 42 42 42 42 70 43
43 71 39 39 39 39 39 39 39 39 39 39 39 39 39 39 39 39 39 39 70 43 43 43 43 43 43 71 41 41 41 41 41 41 41 41 41 41 41 41 41 41 41 41 41 41 70 43 43 43 43 43 43 71 40 40 40 40 40 40 40 40 40 40 40 40 40 40 40 40 40 40 70 43 43 43 43 43 43 71 42 42 42 42 42 42 42 42 42 42 42 42 42 42 42 42 42 42 70 43
43 71 39 39 39 39 39 39 39 39 39 39 39 39 39 39 39 39 39 39 70 43 43 43 43 43 43 71 41 41 41 41 41 41 41 41 41 41 41 41 41 41 41 41 41 41 70 43 43 43 43 43 43 71 40 40 40 40 40 40 40 40 40 40 40 40 40 40 40 40 40 40 70 43 43 43 43 43 43 71 42 42 42 42 42 42 42 42 42 42 42 42 42 42 42 42 42 42 70 43
43 71 39 39 39 39 39 39 39 39 39 39 39 39 39 39 39 39 39 39 70 43 43 43 43 43 43 71 41 41 41 41 41 41 41 41 41 41 41 41 41 41 41 41 41 41 70 43 43 43 43 43 43 71 40 40 40 40 40 40 40 40 40 40 40 40 40 40 40 40 40 40 70 43 43 43 43 43 43 71 42 42 42 42 42 42 42 42 42 42 42 42 42 42 42 42 42 42 70 43
43 71 39 39 39 39 39 39 39 39 39 39 39 39 39 39 39 39 39 39 70 43 43 43 43 43 43 71 41 41 41 41 41 41 41 41 41 41 41 41 41 41 41 41 41 41 70 43 43 43 43 43 43 71 40 40 40 40 40 40 40 40 40 40 40 40 40 40 40 40 40 40 70 43 43 43 43 43 43 71 42 42 42 42 42 42 42 42 42 42 42 42 42 42 42 42 42 42 70 43
43 71 39 39 39 39 39 39 39 39 39 39 39 39 39 39 39 39 39 39 70 43 43 43 43 43 43 71 41 41 41 41 41 41 41 41 41 41 41 41 41 41 41 41 41 41 70 43 43 43 43 43 43 71 40 40 40 40 40 40 40 40 40 40 40 40 40 40 40 40 40 40 70 43 43 43 43 43 43 71 42 42 42 42 42 42 42 42 42 42 42 42 42 42 42 42 42 42 70 43
43 71 39 39 39 39 39 39 39 39 39 39 39 39 39 39 39 39 39 39 70 43 43 43 43 43 43 71 41 41 41 41 41 41 41 41 41 41 41 41 41 41 41 41 41 41 70 43 43 43 43 43 43 71 40 40 40 40 40 40 40 40 40 40 40 40 40 40 40 40 40 40 70 43 43 43 43 43 43 71 42 42 42 42 42 42 42 42 42 42 42 42 42 42 42 42 42 42 70 43
43 71 39 39 39 39 39 39 39 39 39 39 39 39 39 39 39 39 39 39 70 43 43 43 43 43 43 71 41 41 41 41 41 41 41 41 41 41 41 41 41 41 41 41 41 41 70 43 43 43 43 43 43 71 40 40 40 40 40 40 40 40 40 40 40 40 40 40 40 40 40 40 70 43 43 43 43 43 43 71 42 42 42 42 42 42 42 42 42 42 42 42 42 42 42 42 42 42 70 43
43 71 39 39 39 39 39 39 39 39 39 39 39 39 39 39 39 39 39 39 70 43 43 43 43 43 43 71 41 41 41 41 41 41 41 41 41 41 41 41 41 41 41 41 41 41 70 43 43 43 43 43 43 71 40 40 40 40 40 40 40 40 40 40 40 40 40 40 40 40 40 40 70 43 43 43 43 43 43 71 42 42 42 42 42 42 42 42 42 42 42 42 42 42 42 42 42 42 70 43
43 71 39 39 39 39 39 39 39 39 39 39 39 39 39 39 39 39 39 39 70 43 43 43 43 43 43 71 41 41 41 41 41 41 41 41 41 41 41 41 41 41 41 41 41 41 70 43 43 43 43 43 43 71 40 40 40 40 40 40 40 40 40 40 40 40 40 40 40 40 40 40 70 43 43 43 43 43 43 71 42 42 42 42 42 42 42 42 42 42 42 42 42 42 42 42 42 42 70 43
43 71 39 39 39 39 39 39 39 39 39 39 39 39 39 39 39 39 39 39 70 43 43 43 43 43 43 71 41 41 41 41 41 41 41 41 41 41 41 41 41 41 41 41 41 41 70 43 43 43 43 43 43 71 40 40 40 40 40 40 40 40 40 40 40 40 40 40 40 40 40 40 70 43 43 43 43 43 43 71 42 42 42 42 42 42 42 42 42 42 42 42 42 42 42 42 42 42 70 43
43 71 39 39 39 39 39 39 39 39 39 39 39 39 39 39 39 39 39 39 70 43 43 43 43 43 43 71 41 41 41 41 41 41 41 41 41 41 41 41 41 41 41 41 41 41 70 43 43 43 43 43 43 71 40 40 40 40 40 40 40 40 40 40 40 40 40 40 40 40 40 40 70 43 43 43 43 43 43 71 42 42 42 42 42 42 42 42 42 42 42 42 42 42 42 42 42 42 70 43
43 71 39 39 39 39 39 39 39 39 39 39 39 39 39 39 39 39 39 39 70 43 43 43 43 43 43 71 41 41 41 41 41 41 41 41 41 41 41 41 41 41 41 41 41 41 70 43 43 43 43 43 43 71 40 40 40 40 40 40 40 40 40 40 40 40 40 40 40 40 40 40 70 43 43 43 43 43 43 71 42 42 42 42 42 42 42 42 42 42 42 42 42 42 42 42 42 42 70 43
43 43 68 68 68 68 68 68 68 68 68 68 68 68 68 68 68 68 68 68 43 43 43 43 43 43 43 43 68 68 68 68 68 68 68 68 68 68 68 68 68 68 68 68 68 68 43 43 43 43 43 43 43 43 68 68 68 68 68 68 68 68 68 68 68 68 68 68 68 68 68 68 43 43 43 43 43 43 43 43 68 68 68 68 68 68 68 68 68 68 68 68 68 68 68 68 68 68 43 43
43 43 43 43 43 43 43 43 43 43 43 43 43 43 43 43 43 43 43 43 43 43 43 43 43 43 43 43 43 43 43 43 43 43 43 43 43 43 43 43 43 43 43 43 43 43 43 43 43 43 43 43 43 43 43 43 43 43 43 43 43 43 43 43 43 43 43 43 43 43 43 43 43 43 43 43 43 43 43 43 43 43 43 43 43 43 43 43 43 43 43 43 43 43 43 43 43 43 43 43
43 43 43 43 43 43 43 43 43 43 43 43 43 43 43 43 43 43 43 43 43 43 43 43 43 43 43 43 43 43 43 43 43 43 43 43 43 43 43 43 43 43 43 43 43 43 43 43 43 43 43 43 43 43 43 43 43 43 43 43 43 43 43 43 43 43 43 43 43 43 43 43 43 43 43 43 43 43 43 43 43 43 43 43 43 43 43 43 43 43 43 43 43 43 43 43 43 43 43 43
43 43 43 43 43 43 43 43 43 43 43 43 43 43 43 43 43 43 43 43 43 43 43 43 43 43 43 43 43 43 43 43 43 43 43 43 43 43 43 43 43 43 43 43 43 43 43 43 43 43 43 43 43 43 43 43 43 43 43 43 43 43 43 43 43 43 43 43 43 43 43 43 43 43 43 43 43 43 43 43 43 43 43 43 43 43 43 43 43 43 43 43 43 43 43 43 43 43 43 43
43 43 43 43 43 43 43 43 43 43 43 43 43 43 43 43 43 43 43 43 43 43 43 43 43 43 43 43 43 43 43 43 43 43 43 43 43 43 43 43 43 43 43 43 43 43 43 43 43 43 43 43 43 43 43 43 43 43 43 43 43 43 43 43 43 43 43 43 43 43 43 43 43 43 43 43 43 43 43 43 43 43 43 43 43 43 43 43 43 43 43 43 43 43 43 43 43 43 43 43
43 43 43 43 43 43 43 43 43 43 43 43 43 43 43 43 43 43 43 43 43 43 43 43 43 43 43 43 43 43 43 43 43 43 43 43 43 43 43 43 43 43 43 43 43 43 43 43 43 43 43 43 43 43 43 43 43 43 43 43 43 43 43 43 43 43 43 43 43 43 43 43 43 43 43 43 43 43 43 43 43 43 43 43 43 43 43 43 43 43 43 43 43 43 43 43 43 43 43 43
43 43 43 43 43 43 43 43 43 43 43 43 43 43 43 43 43 43 43 43 43 43 43 43 43 43 43 43 43 43 43 43 43 43 43 43 43 43 43 43 43 43 43 43 43 43 43 43 43 43 43 43 43 43 43 43 43 43 43 43 43 43 43 43 43 43 43 43 43 43 43 43 43 43 43 43 43 43 43 43 43 43 43 43 43 43 43 43 43 43 43 43 43 43 43 43 43 43 43 43
43 43 69 69 69 69 69 69 69 69 69 69 69 69 69 69 69 69 69 69 43 43 43 43 43 43 43 43 69 69 69 69 69 69 69 69 69 69 69 69 69 69 69 69 69 69 43 43 43 43 43 43 43 43 69 69 69 69 69 69 69 69 69 69 69 69 69 69 69 69 69 69 43 43 43 43 43 43 43 43 69 69 69 69 69 69 69 69 69 69 69 69 69 69 69 69 69 69 43 43
43 71 56 57 57 57 57 57 57 57 57 57 57 57 57 57 57 57 57 58 70 43 43 43 43 43 43 71 44 45 45 45 45 45 45 45 45 45 45 45 45 45 45 45 45 46 70 43 43 43 43 43 43 71 50 51 51 51 51 51 51 51 51 51 51 51 51 51 51 51 51 52 70 43 43 43 43 43 43 71 62 63 63 63 63 63 63 63 63 63 63 63 63 63 63 63 63 64 70 43
43 71 59 60 60 60 60 60 60 60 60 60 60 60 60 60 60 60 60 61 70 43 43 43 43 43 43 71 47 48 48 48 48 48 48 48 48 48 48 48 48 48 48 48 48 49 70 43 43 43 43 43 43 71 53 54 54 54 54 54 54 54 54 54 54 54 54 54 54 54 54 55 70 43 43 43 43 43 43 71 65 66 66 66 66 66 66 66 66 66 66 66 66 66 66 66 66 67 70 43
43 71 39 39 39 39 39 39 39 39 39 39 39 39 39 39 39 39 39 39 70 43 43 43 43 43 43 71 41 41 41 41 41 41 41 41 41 41 41 41 41 41 41 41 41 41 70 43 43 43 43 43 43 71 40 40 40 40 40 40 40 40 40 40 40 40 40 40 40 40 40 40 70 43 43 43 43 43 43 71 42 42 42 42 42 42 42 42 42 42 42 42 42 42 42 42 42 42 70 43
43 71 39 39 39 39 39 39 39 39 39 39 39 39 39 39 39 39 39 39 70 43 43 43 43 43 43 71 41 41 41 41 41 41 41 41 41 41 41 41 41 41 41 41 41 41 70 43 43 43 43 43 43 71 40 40 40 40 40 40 40 40 40 40 40 40 40 40 40 40 40 40 70 43 43 43 43 43 43 71 42 42 42 42 42 42 42 42 42 42 42 42 42 42 42 42 42 42 70 43
43 71 39 39 39 39 39 39 39 39 39 39 39 39 39 39 39 39 39 39 70 43 43 43 43 43 43 71 41 41 41 41 41 41 41 41 41 41 41 41 41 41 41 41 41 41 70 43 43 43 43 43 43 71 40 40 40 40 40 40 40 40 40 40 40 40 40 40 40 40 40 40 70 43 43 43 43 43 43 71 42 42 42 42 42 42 42 42 42 42 42 42 42 42 42 42 42 42 70 43
43 71 39 39 39 39 39 39 39 39 39 39 39 39 39 39 39 39 39 39 70 43 43 43 43 43 43 71 41 41 41 41 41 41 41 41 41 41 41 41 41 41 41 41 41 41 70 43 43 43 43 43 43 71 40 40 40 40 40 40 40 40 40 40 40 40 40 40 40 40 40 40 70 43 43 43 43 43 43 71 42 42 42 42 42 42 42 42 42 42 42 42 42 42 42 42 42 42 70 43
43 71 39 39 39 39 39 39 39 39 39 39 39 39 39 39 39 39 39 39 70 43 43 43 43 43 43 71 41 41 41 41 41 41 41 41 41 41 41 41 41 41 41 41 41 41 70 43 43 43 43 43 43 71 40 40 40 40 40 40 40 40 40 40 40 40 40 40 40 40 40 40 70 43 43 43 43 43 43 71 42 42 42 42 42 42 42 42 42 42 42 42 42 42 42 42 42 42 70 43
43 43 68 68 68 68 68 68 68 73 39 39 72 68 68 68 68 68 68 68 70 43 43 43 43 43 43 43 68 68 68 68 68 68 68 73 41 41 72 68 68 68 68 68 68 68 70 43 43 43 43 43 43 43 68 68 68 68 68 68 68 73 40 40 72 68 68 68 68 68 68 68 70 43 43 43 43 43 43 43 68 68 68 68 68 68 68 73 42 42 72 68 68 68 68 68 68 68 70 43
43 43 69 69 69 69 69 69 69 75 39 39 74 69 69 69 69 69 69 69 70 43 43 43 43 43 43 43 69 69 69 69 69 69 69 75 41 41 74 69 69 69 69 69 69 69 70 43 43 43 43 43 43 43 69 69 69 69 69 69 69 75 40 40 74 69 69 69 69 69 69 69 70 43 43 43 43 43 43 43 69 69 69 69 69 69 69 75 42 42 74 69 69 69 69 69 69 69 70 43
43 71 56 57 57 57 57 57 57 58 39 39 56 57 57 57 57 57 57 58 70 43 43 43 43 43 43 71 44 45 45 45 45 45 45 46 41 41 44 45 45 45 45 45 45 46 70 43 43 43 43 43 43 71 50 51 51 51 51 51 51 52 40 40 50 51 51 51 51 51 51 52 70 43 43 43 43 43 43 71 62 63 63 63 63 63 63 64 42 42 62 63 63 63 63 63 63 64 70 43
43 71 59 60 60 60 60 60 60 61 39 39 59 60 60 60 60 60 60 61 70 43 43 43 43 43 43 71 47 48 48 48 48 48 48 49 41 41 47 48 48 48 48 48 48 49 70 43 43 43 43 43 43 71 53 54 54 54 54 54 54 55 40 40 53 54 54 54 54 54 54 55 70 43 43 43 43 43 43 71 65 66 66 66 66 66 66 67 42 42 65 66 66 66 66 66 66 67 70 43
43 71 39 39 39 39 39 39 39 39 39 39 39 39 39 39 39 39 39 39 70 43 43 43 43 43 43 71 41 41 41 41 41 41 41 41 41 41 41 41 41 41 41 41 41 41 70 43 43 43 43 43 43 71 40 40 40 40 40 40 40 40 40 40 40 40 40 40 40 40 40 40 70 43 43 43 43 43 43 71 42 42 42 42 42 42 42 42 42 42 42 42 42 42 42 42 42 42 70 43
43 71 39 39 39 39 39 39 39 39 39 39 39 39 39 39 39 39 39 39 70 43 43 43 43 43 43 71 41 41 41 41 41 41 41 41 41 41 41 41 41 41 41 41 41 41 70 43 43 43 43 43 43 71 40 40 40 40 40 40 40 40 40 40 40 40 40 40 40 40 40 40 70 43 43 43 43 43 43 71 42 42 42 42 42 42 42 42 42 42 42 42 42 42 42 42 42 42 70 43
43 71 39 39 39 39 39 39 39 39 39 39 39 39 39 39 39 39 39 39 70 43 43 43 43 43 43 71 41 41 41 41 41 41 41 41 41 41 41 41 41 41 41 41 41 41 70 43 43 43 43 43 43 71 40 40 40 40 40 40 40 40 40 40 40 40 40 40 40 40 40 40 70 43 43 43 43 43 43 71 42 42 42 42 42 42 42 42 42 42 42 42 42 42 42 42 42 42 70 43
43 71 68 68 68 68 68 68 68 73 39 39 72 68 68 68 68 68 68 68 70 43 43 43 43 43 43 71 68 68 68 68 68 68 68 73 41 41 72 68 68 68 68 68 68 68 70 43 43 43 43 43 43 71 68 68 68 68 68 68 68 73 40 40 72 68 68 68 68 68 68 68 70 43 43 43 43 43 43 71 68 68 68 68 68 68 68 73 42 42 72 68 68 68 68 68 68 68 70 43
43 71 69 69 69 69 69 69 69 75 39 39 74 69 69 69 69 69 69 69 70 43 43 43 43 43 43 71 69 69 69 69 69 69 69 75 41 41 74 69 69 69 69 69 69 69 70 43 43 43 43 43 43 71 69 69 69 69 69 69 69 75 40 40 74 69 69 69 69 69 69 69 70 43 43 43 43 43 43 71 69 69 69 69 69 69 69 75 42 42 74 69 69 69 69 69 69 69 70 43
43 71 56 57 57 57 57 57 57 58 39 39 56 57 57 57 57 57 57 58 70 43 43 43 43 43 43 71 44 45 45 45 45 45 45 46 41 41 44 45 45 45 45 45 45 46 70 43 43 43 43 43 43 71 50 51 51 51 51 51 51 52 40 40 50 51 51 51 51 51 51 52 70 43 43 43 43 43 43 71 62 63 63 63 63 63 63 64 42 42 62 63 63 63 63 63 63 64 70 43
43 71 59 60 60 60 60 60 60 61 39 39 59 60 60 60 60 60 60 61 70 43 43 43 43 43 43 71 47 48 48 48 48 48 48 49 41 41 47 48 48 48 48 48 48 49 70 43 43 43 43 43 43 71 53 54 54 54 54 54 54 55 40 40 53 54 54 54 54 54 54 55 70 43 43 43 43 43 43 71 65 66 66 66 66 66 66 67 42 42 65 66 66 66 66 66 66 67 70 43
43 71 39 39 39 39 39 39 39 39 39 39 39 39 39 39 39 39 39 39 70 43 43 43 43 43 43 71 41 41 41 41 41 41 41 41 41 41 41 41 41 41 41 41 41 41 70 43 43 43 43 43 43 71 40 40 40 40 40 40 40 40 40 40 40 40 40 40 40 40 40 40 70 43 43 43 43 43 43 71 42 42 42 42 42 42 42 42 42 42 42 42 42 42 42 42 42 42 70 43
43 71 39 39 39 39 39 39 39 39 39 39 39 39 39 39 39 39 39 39 70 43 43 43 43 43 43 71 41 41 41 41 41 41 41 41 41 41 41 41 41 41 41 41 41 41 70 43 43 43 43 43 43 71 40 40 40 40 40 40 40 40 40 40 40 40 40 40 40 40 40 40 70 43 43 43 43 43 43 71 42 42 42 42 42 42 42 42 42 42 42 42 42 42 42 42 42 42 70 43
43 71 39 39 39 39 39 39 39 39 39 39 39 39 39 39 39 39 39 39 70 43 43 43 43 43 43 71 41 41 41 41 41 41 41 41 41 41 41 41 41 41 41 41 41 41 70 43 43 43 43 43 43 71 40 40 40 40 40 40 40 40 40 40 40 40 40 40 40 40 40 40 70 43 43 43 43 43 43 71 42 42 42 42 42 42 42 42 42 42 42 42 42 42 42 42 42 42 70 43
43 71 39 39 39 39 39 39 39 39 39 39 39 39 39 39 39 39 39 39 70 43 43 43 43 43 43 71 41 41 41 41 41 41 41 41 41 41 41 41 41 41 41 41 41 41 70 43 43 43 43 43 43 71 40 40 40 40 40 40 40 40 40 40 40 40 40 40 40 40 40 40 70 43 43 43 43 43 43 71 42 42 42 42 42 42 42 42 42 42 42 42 42 42 42 42 42 42 70 43
43 71 39 39 39 39 39 39 39 39 39 39 39 39 39 39 39 39 39 39 70 43 43 43 43 43 43 71 41 41 41 41 41 41 41 41 41 41 41 41 41 41 41 41 41 41 70 43 43 43 43 43 43 71 40 40 40 40 40 40 40 40 40 40 40 40 40 40 40 40 40 40 70 43 43 43 43 43 43 71 42 42 42 42 42 42 42 42 42 42 42 42 42 42 42 42 42 42 70 43
43 43 68 68 68 68 68 68 68 68 68 68 68 68 68 68 68 68 68 68 43 43 43 43 43 43 43 43 68 68 68 68 68 68 68 68 68 68 68 68 68 68 68 68 68 68 43 43 43 43 43 43 43 43 68 68 68 68 68 68 68 68 68 68 68 68 68 68 68 68 68 68 43 43 43 43 43 43 43 43 68 68 68 68 68 68 68 68 68 68 68 68 68 68 68 68 68 68 43 43
43 43 43 43 43 43 43 43 43 43 43 43 43 43 43 43 43 43 43 43 43 43 43 43 43 43 43 43 43 43 43 43 43 43 43 43 43 43 43 43 43 43 43 43 43 43 43 43 43 43 43 43 43 43 43 43 43 43 43 43 43 43 43 43 43 43 43 43 43 43 43 43 43 43 43 43 43 43 43 43 43 43 43 43 43 43 43 43 43 43 43 43 43 43 43 43 43 43 43 43
43 43 43 43 43 43 43 43 43 43 43 43 43 43 43 43 43 43 43 43 43 43 43 43 43 43 43 43 43 43 43 43 43 43 43 43 43 43 43 43 43 43 43 43 43 43 43 43 43 43 43 43 43 43 43 43 43 43 43 43 43 43 43 43 43 43 43 43 43 43 43 43 43 43 43 43 43 43 43 43 43 43 43 43 43 43 43 43 43 43 43 43 43 43 43 43 43 43 43 43
43 43 43 43 43 43 43 43 43 43 43 43 43 43 43 43 43 43 43 43 43 43 43 43 43 43 43 43 43 43 43 43 43 43 43 43 43 43 43 43 43 43 43 43 43 43 43 43 43 43 43 43 43 43 43 43 43 43 43 43 43 43 43 43 43 43 43 43 43 43 43 43 43 43 43 43 43 43 43 43 43 43 43 43 43 43 43 43 43 43 43 43 43 43 43 43 43 43 43 43
43 43 43 43 43 43 43 43 43 43 43 43 43 43 43 43 43 43 43 43 43 43 43 43 43 43 43 43 43 43 43 43 43 43 43 43 43 43 43 43 43 43 43 43 43 43 43 43 43 43 43 43 43 43 43 43 43 43 43 43 43 43 43 43 43 43 43 43 43 43 43 43 43 43 43 43 43 43 43 43 43 43 43 43 43 43 43 43 43 43 43 43 43 43 43 43 43 43 43 43
43 43 43 43 43 43 43 43 43 43 43 43 43 43 43 43 43 43 43 43 43 43 43 43 43 43 43 43 43 43 43 43 43 43 43 43 43 43 43 43 43 43 43 43 43 43 43 43 43 43 43 43 43 43 43 43 43 43 43 43 43 43 43 43 43 43 43 43 43 43 43 43 43 43 43 43 43 43 43 43 43 43 43 43 43 43 43 43 43 43 43 43 43 43 43 43 43 43 43 43
43 43 43 43 43 43 43 43 43 43 43 43 43 43 43 43 43 43 43 43 43 43 43 43 43 43 43 43 43 43 43 43 43 43 43 43 43 43 43 43 43 43 43 43 43 43 43 43 43 43 43 43 43 43 43 43 43 43 43 43 43 43 43 43 43 43 43 43 43 43 43 43 43 43 43 43 43 43 43 43 43 43 43 43 43 43 43 43 43 43 43 43 43 43 43 43 43 43 43 43
43 43 43 43 43 43 43 43 43 43 43 43 69 69 69 69 69 69 69 69 69 69 69 69 69 69 69 69 69 69 43 43 43 43 43 43 43 43 43 43 43 43 43 43 43 43 43 43 43 43 43 43 43 43 43 43 43 43 43 43 43 43 43 43 43 43 43 43 43 43 69 69 69 69 69 69 69 69 69 69 69 69 69 69 69 69 69 69 43 43 43 43 43 43 43 43 43 43 43 43
43 43 43 43 43 43 43 43 43 43 43 71 56 57 57 57 57 57 57 57 57 57 57 57 57 57 57 57 57 58 70 43 43 43 43 43 43 43 43 43 43 43 43 43 43 43 43 43 43 43 43 43 43 43 43 43 43 43 43 43 43 43 43 43 43 43 43 43 43 71 44 45 45 45 45 45 45 45 45 45 45 45 45 45 45 45 45 46 70 43 43 43 43 43 43 43 43 43 43 43
43 43 43 43 43 43 43 43 43 43 43 71 59 60 60 60 60 60 60 60 60 60 60 60 60 60 60 60 60 61 70 43 43 43 43 43 43 43 43 43 43 43 43 43 43 43 43 43 43 43 43 43 43 43 43 43 43 43 43 43 43 43 43 43 43 43 43 43 43 71 47 48 48 48 48 48 48 48 48 48 48 48 48 48 48 48 48 49 70 43 43 43 43 43 43 43 43 43 43 43
43 43 43 43 43 43 43 43 43 43 43 71 39 39 39 39 39 39 39 39 39 39 39 39 39 39 39 39 39 39 70 43 43 43 43 43 43 43 43 43 43 43 43 43 43 43 43 43 43 43 43 43 43 43 43 43 43 43 43 43 43 43 43 43 43 43 43 43 43 71 41 41 41 41 41 41 41 41 41 41 41 41 41 41 41 41 41 41 70 43 43 43 43 43 43 43 43 43 43 43
43 43 43 43 43 43 43 43 43 43 43 71 39 39 39 39 39 39 39 39 39 39 39 39 39 39 39 39 39 39 74 69 69 69 69 69 69 69 69 69 43 43 43 43 43 43 43 43 43 43 43 43 43 43 43 43 43 43 43 43 43 43 43 43 43 43 43 43 43 71 41 41 41 41 41 41 41 41 41 41 41 41 41 41 41 41 41 41 74 69 69 69 69 69 69 69 69 69 43 43
43 43 43 43 43 43 43 43 43 43 43 71 39 39 39 39 39 39 39 39 39 39 39 39 39 39 39 39 39 39 56 57 57 57 57 57 57 57 57 58 70 43 43 43 43 43 43 43 43 43 43 43 43 43 43 43 43 43 43 43 43 43 43 43 43 43 43 43 43 71 41 41 41 41 41 41 41 41 41 41 41 41 41 41 41 41 41 41 44 45 45 45 45 45 45 45 45 46 70 43
43 43 43 43 43 43 43 43 43 43 43 71 39 39 39 39 39 39 39 39 39 39 39 39 39 39 39 39 39 39 59 60 60 60 60 60 60 60 60 61 70 43 43 43 43 43 43 43 43 43 43 43 43 43 43 43 43 43 43 43 43 43 43 43 43 43 43 43 43 71 41 41 41 41 41 41 41 41 41 41 41 41 41 41 41 41 41 41 47 48 48 48 48 48 48 48 48 49 70 43
43 43 69 69 69 69 69 69 69 69 69 75 39 39 39 39 39 39 39 39 39 39 39 39 39 39 39 39 39 39 39 39 39 39 39 39 39 39 39 39 70 43 43 43 43 43 43 43 43 43 43 43 43 43 43 43 43 43 43 43 69 69 69 69 69 69 69 69 69 75 41 41 41 41 41 41 41 41 41 41 41 41 41 41 41 41 41 41 41 41 41 41 41 41 41 41 41 41 70 43
43 71 56 57 57 57 57 57 57 57 57 58 39 39 39 39 39 39 39 39 39 39 39 39 39 39 39 39 39 39 39 39 39 39 39 39 39 39 39 39 70 43 43 43 43 43 43 43 43 43 43 43 43 43 43 43 43 43 43 71 44 45 45 45 45 45 45 45 45 46 41 41 41 41 41 41 41 41 41 41 41 41 41 41 41 41 41 41 41 41 41 41 41 41 41 41 41 41 70 43
43 71 59 60 60 60 60 60 60 60 60 61 39 39 39 39 39 39 39 39 39 39 39 39 39 39 39 39 39 39 39 39 39 39 39 39 39 39 39 39 70 43 43 43 43 43 43 43 43 43 43 43 43 43 43 43 43 43 43 71 47 48 48 48 48 48 48 48 48 49 41 41 41 41 41 41 41 41 41 41 41 41 41 41 41 41 41 41 41 41 41 41 41 41 41 41 41 41 70 43
43 71 39 39 39 39 39 39 39 39 39 39 39 39 39 39 39 39 39 39 39 39 39 39 39 39 39 39 39 39 39 39 39 39 39 39 39 39 39 39 70 43 43 43 43 43 43 43 43 43 43 43 43 43 43 43 43 43 43 71 41 41 41 41 41 41 41 41 41 41 41 41 41 41 41 41 41 41 41 41 41 41 41 41 41 41 41 41 41 41 41 41 41 41 41 41 41 41 70 43
43 71 39 39 39 39 39 39 39 39 39 39 39 39 39 39 39 39 39 39 39 39 39 39 39 39 39 39 39 39 39 39 39 39 39 39 39 39 39 39 70 43 43 43 43 43 43 43 43 43 43 43 43 43 43 43 43 43 43 71 41 41 41 41 41 41 41 41 41 41 41 41 41 41 41 72 68 68 68 68 68 68 73 41 41 41 41 41 41 41 41 41 41 41 41 41 41 41 70 43
43 71 39 39 39 39 39 39 39 39 39 39 39 39 39 39 39 72 68 68 68 68 68 68 73 39 39 39 39 39 39 39 39 39 39 39 39 39 39 39 70 43 43 43 43 43 43 43 43 43 43 43 43 43 43 43 43 43 43 71 41 41 41 41 41 41 41 41 41 41 41 41 41 41 41 74 69 69 69 69 69 69 75 41 41 41 41 41 41 41 41 41 41 41 41 41 41 41 70 43
43 71 39 39 39 39 39 39 39 39 39 39 39 39 39 39 39 74 69 69 69 69 69 69 75 39 39 39 39 39 39 39 39 39 39 39 39 39 39 39 70 43 43 43 43 43 43 43 43 43 43 43 43 43 43 43 43 43 43 71 41 41 41 41 41 41 41 41 41 41 41 41 41 41 41 44 45 45 45 45 45 45 46 41 41 41 41 41 41 41 41 41 41 41 41 41 41 41 70 43
43 71 39 39 39 39 39 39 39 39 39 39 39 39 39 39 39 56 57 57 57 57 57 57 58 39 39 39 39 39 39 39 39 39 39 39 39 39 39 39 70 43 43 43 43 43 43 43 43 43 43 43 43 43 43 43 43 43 43 71 41 41 41 41 41 41 41 41 41 41 41 41 41 41 41 47 48 48 48 48 48 48 49 41 41 41 41 41 41 41 41 41 41 41 41 41 41 41 70 43
43 71 39 39 39 39 39 39 39 39 39 39 39 39 39 39 39 59 60 60 60 60 60 60 61 39 39 39 39 39 39 39 39 39 39 39 39 39 39 39 70 43 43 43 43 43 43 43 43 43 43 43 43 43 43 43 43 43 43 71 41 41 41 41 41 41 41 41 41 41 41 41 41 41 41 41 41 41 41 41 41 41 41 41 41 41 41 41 41 41 41 41 41 41 41 41 41 41 70 43
43 71 39 39 39 39 39 39 39 39 39 39 39 39 39 39 39 39 39 39 39 39 39 39 39 39 39 39 39 39 39 39 39 39 39 39 39 39 39 39 70 43 43 43 43 43 43 43 43 43 43 43 43 43 43 43 43 43 43 71 41 41 41 41 41 41 41 41 41 41 41 41 41 41 41 41 41 41 41 41 41 41 41 41 41 41 41 41 41 41 41 41 41 41 41 41 41 41 70 43
43 71 39 39 39 39 39 39 39 39 39 39 39 39 39 39 39 39 39 39 39 39 39 39 39 39 39 39 39 39 72 68 68 68 68 68 68 68 68 68 43 43 43 43 43 43 43 43 43 43 43 43 43 43 43 43 43 43 43 71 41 41 41 41 41 41 41 41 41 41 41 41 41 41 41 41 41 41 41 41 41 41 41 41 41 41 41 41 72 68 68 68 68 68 68 68 68 68 43 43
43 71 39 39 39 39 39 39 39 39 39 39 39 39 39 39 39 39 39 39 39 39 39 39 39 39 39 39 39 39 70 43 43 43 43 43 43 43 43 43 43 43 43 43 43 43 43 43 43 43 43 43 43 43 43 43 43 43 43 71 41 41 41 41 41 41 41 41 41 41 41 41 41 41 41 41 41 41 41 41 41 41 41 41 41 41 41 41 70 43 43 43 43 43 43 43 43 43 43 43
43 71 39 39 39 39 39 39 39 39 39 39 39 39 39 39 39 39 39 39 39 39 39 39 39 39 39 39 39 39 70 43 43 43 43 43 43 43 43 43 43 43 43 43 43 43 43 43 43 43 43 43 43 43 43 43 43 43 43 71 41 41 41 41 41 41 41 41 41 41 41 41 41 41 41 41 41 41 41 41 41 41 41 41 41 41 41 41 70 43 43 43 43 43 43 43 43 43 43 43
43 43 68 68 68 68 68 68 68 68 68 73 39 39 39 39 39 39 39 39 39 39 39 39 39 39 39 39 39 39 70 43 43 43 43 43 43 43 43 43 43 43 43 43 43 43 43 43 43 43 43 43 43 43 43 43 43 43 43 43 68 68 68 68 68 68 68 68 68 73 41 41 41 41 41 41 41 41 41 41 41 41 41 41 41 41 41 41 70 43 43 43 43 43 43 43 43 43 43 43
43 43 43 43 43 43 43 43 43 43 43 71 39 39 39 39 39 39 39 39 39 39 39 39 39 39 39 39 39 39 70 43 43 43 43 43 43 43 43 43 43 43 43 43 43 43 43 43 43 43 43 43 43 43 43 43 43 43 43 43 43 43 43 43 43 43 43 43 43 71 41 41 41 41 41 41 41 41 41 41 41 41 41 41 41 41 41 41 70 43 43 43 43 43 43 43 43 43 43 43
43 43 43 43 43 43 43 43 43 43 43 71 39 39 39 39 39 39 39 39 39 39 39 39 39 39 39 39 39 39 70 43 43 43 43 43 43 43 43 43 43 43 43 43 43 43 43 43 43 43 43 43 43 43 43 43 43 43 43 43 43 43 43 43 43 43 43 43 43 71 41 41 41 41 41 41 41 41 41 41 41 41 41 41 41 41 41 41 70 43 43 43 43 43 43 43 43 43 43 43
43 43 43 43 43 43 43 43 43 43 43 71 39 39 39 39 39 39 39 39 39 39 39 39 39 39 39 39 39 39 70 43 43 43 43 43 43 43 43 43 43 43 43 43 43 43 43 43 43 43 43 43 43 43 43 43 43 43 43 43 43 43 43 43 43 43 43 43 43 71 41 41 41 41 41 41 41 41 41 41 41 41 41 41 41 41 41 41 70 43 43 43 43 43 43 43 43 43 43 43
43 43 43 43 43 43 43 43 43 43 43 43 68 68 68 68 68 68 68 68 68 68 68 68 68 68 68 68 68 68 43 43 43 43 43 43 43 43 43 43 43 43 43 43 43 43 43 43 43 43 43 43 43 43 43 43 43 43 43 43 43 43 43 43 43 43 43 43 43 43 68 68 68 68 68 68 68 68 68 68 68 68 68 68 68 68 68 68 43 43 43 43 43 43 43 43 43 43 43 43
43 43 43 43 43 43 43 43 43 43 43 43 43 43 43 43 43 43 43 43 43 43 43 43 43 43 43 43 43 43 43 43 43 43 43 43 43 43 43 43 43 43 43 43 43 43 43 43 43 43 43 43 43 43 43 43 43 43 43 43 43 43 43 43 43 43 43 43 43 43 43 43 43 43 43 43 43 43 43 43 43 43 43 43 43 43 43 43 43 43 43 43 43 43 43 43 43 43 43 43
43 43 43 43 43 43 43 43 43 43 43 43 43 43 43 43 43 43 43 43 43 43 43 43 43 43 43 43 43 43 43 43 43 43 43 43 43 43 43 43 43 43 43 43 43 43 43 43 43 43 43 43 43 43 43 43 43 43 43 43 43 43 43 43 43 43 43 43 43 43 43 43 43 43 43 43 43 43 43 43 43 43 43 43 43 43 43 43 43 43 43 43 43 43 43 43 43 43 43 43
43 43 43 43 43 43 43 43 43 43 43 43 43 43 43 43 43 43 43 43 43 43 43 43 43 43 43 43 43 43 43 43 43 43 43 43 43 43 43 43 43 43 43 43 43 43 43 43 43 43 43 43 43 43 43 43 43 43 43 43 43 43 43 43 43 43 43 43 43 43 43 43 43 43 43 43 43 43 43 43 43 43 43 43 43 43 43 43 43 43 43 43 43 43 43 43 43 43 43 43
43 43 43 43 43 43 43 43 43 43 43 43 43 43 43 43 43 43 43 43 43 43 43 43 43 43 43 43 43 43 43 43 43 43 43 43 43 43 43 43 43 43 43 43 43 43 43 43 43 43 43 43 43 43 43 43 43 43 43 43 43 43 43 43 43 43 43 43 43 43 43 43 43 43 43 43 43 43 43 43 43 43 43 43 43 43 43 43 43 43 43 43 43 43 43 43 43 43 43 43
43 43 43 43 43 43 43 43 43 43 43 43 43 43 43 43 43 43 43 43 43 43 43 43 43 43 43 43 43 43 43 43 43 43 43 43 43 43 43 43 43 43 43 43 43 43 43 43 43 43 43 43 43 43 43 43 43 43 43 43 43 43 43 43 43 43 43 43 43 43 43 43 43 43 43 43 43 43 43 43 43 43 43 43 43 43 43 43 43 43 43 43 43 43 43 43 43 43 43 43
43 43 43 43 43 43 43 43 43 43 43 43 43 43 43 43 43 43 43 43 43 43 43 43 43 43 43 43 43 43 43 43 43 43 43 43 43 43 43 43 43 43 43 43 43 43 43 43 43 43 43 43 43 43 43 43 43 43 43 43 43 43 43 43 43 43 43 43 43 43 43 43 43 43 43 43 43 43 43 43 43 43 43 43 43 43 43 43 43 43 43 43 43 43 43 43 43 43 43 43
43 43 43 43 43 43 43 43 43 43 43 43 69 69 69 69 69 69 69 69 69 69 69 69 69 69 69 69 69 69 43 43 43 43 43 43 43 43 43 43 43 43 43 43 43 43 43 43 43 43 43 43 43 43 43 43 43 43 43 43 43 43 43 43 43 43 43 43 43 43 69 69 69 69 69 69 69 69 69 69 69 69 69 69 69 69 69 69 43 43 43 43 43 43 43 43 43 43 43 43
43 43 43 43 43 43 43 43 43 43 43 71 50 51 51 51 51 51 51 51 51 51 51 51 51 51 51 51 51 52 70 43 43 43 43 43 43 43 43 43 43 43 43 43 43 43 43 43 43 43 43 43 43 43 43 43 43 43 43 43 43 43 43 43 43 43 43 43 43 71 62 63 63 63 63 63 63 63 63 63 63 63 63 63 63 63 63 64 70 43 43 43 43 43 43 43 43 43 43 43
43 43 43 43 43 43 43 43 43 43 43 71 53 54 54 54 54 54 54 54 54 54 54 54 54 54 54 54 54 55 70 43 43 43 43 43 43 43 43 43 43 43 43 43 43 43 43 43 43 43 43 43 43 43 43 43 43 43 43 43 43 43 43 43 43 43 43 43 43 71 65 66 66 66 66 66 66 66 66 66 66 66 66 66 66 66 66 67 70 43 43 43 43 43 43 43 43 43 43 43
43 43 43 43 43 43 43 43 43 43 43 71 40 40 40 40 40 40 40 40 40 40 40 40 40 40 40 40 40 40 70 43 43 43 43 43 43 43 43 43 43 43 43 43 43 43 43 43 43 43 43 43 43 43 43 43 43 43 43 43 43 43 43 43 43 43 43 43 43 71 42 42 42 42 42 42 42 42 42 42 42 42 42 42 42 42 42 42 43 43 43 43 43 43 43 43 43 43 43 43
43 43 43 43 43 43 43 43 43 43 43 71 40 40 40 40 40 40 40 40 40 40 40 40 40 40 40 40 40 40 74 69 69 69 69 69 69 69 69 69 43 43 43 43 43 43 43 43 43 43 43 43 43 43 43 43 43 43 43 43 43 43 43 43 43 43 43 43 43 71 42 42 42 42 42 42 42 42 42 42 42 42 42 42 42 42 42 42 74 69 69 69 69 69 69 69 69 69 43 43
43 43 43 43 43 43 43 43 43 43 43 71 40 40 40 40 40 40 40 40 40 40 40 40 40 40 40 40 40 40 50 51 51 51 51 51 51 51 51 52 70 43 43 43 43 43 43 43 43 43 43 43 43 43 43 43 43 43 43 43 43 43 43 43 43 43 43 43 43 71 42 42 42 42 42 42 42 42 42 42 42 42 42 42 42 42 42 42 62 63 63 63 63 63 63 63 63 64 70 43
43 43 43 43 43 43 43 43 43 43 43 71 40 40 40 40 40 40 40 40 40 40 40 40 40 40 40 40 40 40 53 54 54 54 54 54 54 54 54 55 70 43 43 43 43 43 43 43 43 43 43 43 43 43 43 43 43 43 43 43 43 43 43 43 43 43 43 43 43 71 42 42 42 42 42 42 42 42 42 42 42 42 42 42 42 42 42 42 65 66 66 66 66 66 66 66 66 67 70 43
43 43 69 69 69 69 69 69 69 69 69 75 40 40 40 40 40 40 40 40 40 40 40 40 40 40 40 40 40 40 40 40 40 40 40 40 40 40 40 40 70 43 43 43 43 43 43 43 43 43 43 43 43 43 43 43 43 43 43 43 69 69 69 69 69 69 69 69 69 75 42 42 42 42 42 42 42 42 42 42 42 42 42 42 42 42 42 42 42 42 42 42 42 42 42 42 42 42 70 43
43 71 50 51 51 51 51 51 51 51 51 52 40 40 40 40 40 40 40 40 40 40 40 40 40 40 40 40 40 40 40 40 40 40 40 40 40 40 40 40 70 43 43 43 43 43 43 43 43 43 43 43 43 43 43 43 43 43 43 71 62 63 63 63 63 63 63 63 63 64 42 42 42 42 42 42 42 42 42 42 42 42 42 42 42 42 42 42 42 42 42 42 42 42 42 42 42 42 70 43
43 71 53 54 54 54 54 54 54 54 54 55 40 40 40 40 40 40 40 40 40 40 40 40 40 40 40 40 40 40 40 40 40 40 40 40 40 40 40 40 70 43 43 43 43 43 43 43 43 43 43 43 43 43 43 43 43 43 43 71 65 66 66 66 66 66 66 66 66 67 42 42 42 42 42 42 42 42 42 42 42 42 42 42 42 42 42 42 42 42 42 42 42 42 42 42 42 42 70 43
43 71 40 40 40 40 40 40 40 40 40 40 40 40 40 40 40 40 40 40 40 40 40 40 40 40 40 40 40 40 40 40 40 40 40 40 40 40 40 40 70 43 43 43 43 43 43 43 43 43 43 43 43 43 43 43 43 43 43 71 42 42 42 42 42 42 42 42 42 42 42 42 42 42 42 42 42 42 42 42 42 42 42 42 42 42 42 42 42 42 42 42 42 42 42 42 42 42 70 43
43 71 40 40 40 40 40 40 40 40 40 40 40 40 40 40 40 72 68 68 68 68 68 68 73 40 40 40 40 40 40 40 40 40 40 40 40 40 40 40 70 43 43 43 43 43 43 43 43 43 43 43 43 43 43 43 43 43 43 71 42 42 42 42 42 42 42 42 42 42 42 42 42 42 42 72 68 68 68 68 68 68 73 42 42 42 42 42 42 42 42 42 42 42 42 42 42 42 70 43
43 71 40 40 40 40 40 40 40 40 40 40 40 40 40 40 40 74 69 69 69 69 69 69 75 40 40 40 40 40 40 40 40 40 40 40 40 40 40 40 70 43 43 43 43 43 43 43 43 43 43 43 43 43 43 43 43 43 43 71 42 42 42 42 42 42 42 42 42 42 42 42 42 42 42 74 69 69 69 69 69 69 75 42 42 42 42 42 42 42 42 42 42 42 42 42 42 42 70 43
43 71 40 40 40 40 40 40 40 40 40 40 40 40 40 40 40 50 51 51 51 51 51 51 52 40 40 40 40 40 40 40 40 40 40 40 40 40 40 40 70 43 43 43 43 43 43 43 43 43 43 43 43 43 43 43 43 43 43 71 42 42 42 42 42 42 42 42 42 42 42 42 42 42 42 62 63 63 63 63 63 63 64 42 42 42 42 42 42 42 42 42 42 42 42 42 42 42 70 43
43 71 40 40 40 40 40 40 40 40 40 40 40 40 40 40 40 53 54 54 54 54 54 54 55 40 40 40 40 40 40 40 40 40 40 40 40 40 40 40 70 43 43 43 43 43 43 43 43 43 43 43 43 43 43 43 43 43 43 71 42 42 42 42 42 42 42 42 42 42 42 42 42 42 42 65 66 66 66 66 66 66 67 42 42 42 42 42 42 42 42 42 42 42 42 42 42 42 70 43
43 71 40 40 40 40 40 40 40 40 40 40 40 40 40 40 40 40 40 40 40 40 40 40 40 40 40 40 40 40 40 40 40 40 40 40 40 40 40 40 70 43 43 43 43 43 43 43 43 43 43 43 43 43 43 43 43 43 43 71 42 42 42 42 42 42 42 42 42 42 42 42 42 42 42 42 42 42 42 42 42 42 42 42 42 42 42 42 42 42 42 42 42 42 42 42 42 42 70 43
43 71 40 40 40 40 40 40 40 40 40 40 40 40 40 40 40 40 40 40 40 40 40 40 40 40 40 40 40 40 40 40 40 40 40 40 40 40 40 40 70 43 43 43 43 43 43 43 43 43 43 43 43 43 43 43 43 43 43 71 42 42 42 42 42 42 42 42 42 42 42 42 42 42 42 42 42 42 42 42 42 42 42 42 42 42 42 42 42 42 42 42 42 42 42 42 42 42 70 43
43 71 40 40 40 40 40 40 40 40 40 40 40 40 40 40 40 40 40 40 40 40 40 40 40 40 40 40 40 40 72 68 68 68 68 68 68 68 68 68 43 43 43 43 43 43 43 43 43 43 43 43 43 43 43 43 43 43 43 71 42 42 42 42 42 42 42 42 42 42 42 42 42 42 42 42 42 42 42 42 42 42 42 42 42 42 42 42 72 68 68 68 68 68 68 68 68 68 43 43
43 71 40 40 40 40 40 40 40 40 40 40 40 40 40 40 40 40 40 40 40 40 40 40 40 40 40 40 40 40 70 43 43 43 43 43 43 43 43 43 43 43 43 43 43 43 43 43 43 43 43 43 43 43 43 43 43 43 43 71 42 42 42 42 42 42 42 42 42 42 42 42 42 42 42 42 42 42 42 42 42 42 42 42 42 42 42 42 70 43 43 43 43 43 43 43 43 43 43 43
43 71 40 40 40 40 40 40 40 40 40 40 40 40 40 40 40 40 40 40 40 40 40 40 40 40 40 40 40 40 70 43 43 43 43 43 43 43 43 43 43 43 43 43 43 43 43 43 43 43 43 43 43 43 43 43 43 43 43 71 42 42 42 42 42 42 42 42 42 42 42 42 42 42 42 42 42 42 42 42 42 42 42 42 42 42 42 42 70 43 43 43 43 43 43 43 43 43 43 43
43 43 68 68 68 68 68 68 68 68 68 73 40 40 40 40 40 40 40 40 40 40 40 40 40 40 40 40 40 40 70 43 43 43 43 43 43 43 43 43 43 43 43 43 43 43 43 43 43 43 43 43 43 43 43 43 43 43 43 43 68 68 68 68 68 68 68 68 68 73 42 42 42 42 42 42 42 42 42 42 42 42 42 42 42 42 42 42 70 43 43 43 43 43 43 43 43 43 43 43
43 43 43 43 43 43 43 43 43 43 43 71 40 40 40 40 40 40 40 40 40 40 40 40 40 40 40 40 40 40 70 43 43 43 43 43 43 43 43 43 43 43 43 43 43 43 43 43 43 43 43 43 43 43 43 43 43 43 43 43 43 43 43 43 43 43 43 43 43 71 42 42 42 42 42 42 42 42 42 42 42 42 42 42 42 42 42 42 70 43 43 43 43 43 43 43 43 43 43 43
43 43 43 43 43 43 43 43 43 43 43 71 40 40 40 40 40 40 40 40 40 40 40 40 40 40 40 40 40 40 70 43 43 43 43 43 43 43 43 43 43 43 43 43 43 43 43 43 43 43 43 43 43 43 43 43 43 43 43 43 43 43 43 43 43 43 43 43 43 71 42 42 42 42 42 42 42 42 42 42 42 42 42 42 42 42 42 42 70 43 43 43 43 43 43 43 43 43 43 43
43 43 43 43 43 43 43 43 43 43 43 71 40 40 40 40 40 40 40 40 40 40 40 40 40 40 40 40 40 40 70 43 43 43 43 43 43 43 43 43 43 43 43 43 43 43 43 43 43 43 43 43 43 43 43 43 43 43 43 43 43 43 43 43 43 43 43 43 43 71 42 42 42 42 42 42 42 42 42 42 42 42 42 42 42 42 42 42 70 43 43 43 43 43 43 43 43 43 43 43
43 43 43 43 43 43 43 43 43 43 43 43 68 68 68 68 68 68 68 68 68 68 68 68 68 68 68 68 68 68 43 43 43 43 43 43 43 43 43 43 43 43 43 43 43 43 43 43 43 43 43 43 43 43 43 43 43 43 43 43 43 43 43 43 43 43 43 43 43 43 68 68 68 68 68 68 68 68 68 68 68 68 68 68 68 68 68 68 43 43 43 43 43 43 43 43 43 43 43 43
43 43 43 43 43 43 43 43 43 43 43 43 43 43 43 43 43 43 43 43 43 43 43 43 43 43 43 43 43 43 43 43 43 43 43 43 43 43 43 43 43 43 43 43 43 43 43 43 43 43 43 43 43 43 43 43 43 43 43 43 43 43 43 43 43 43 43 43 43 43 43 43 43 43 43 43 43 43 43 43 43 43 43 43 43 43 43 43 43 43 43 43 43 43 43 43 43 43 43 43
43 43 43 43 43 43 43 43 43 43 43 43 43 43 43 43 43 43 43 43 43 43 43 43 43 43 43 43 43 43 43 43 43 43 43 43 43 43 43 43 43 43 43 43 43 43 43 43 43 43 43 43 43 43 43 43 43 43 43 43 43 43 43 43 43 43 43 43 43 43 43 43 43 43 43 43 43 43 43 43 43 43 43 43 43 43 43 43 43 43 43 43 43 43 43 43 43 43 43 43
43 43 43 43 43 43 43 43 43 43 43 43 43 43 43 43 43 43 43 43 43 43 43 43 43 43 43 43 43 43 43 43 43 43 43 43 43 43 43 43 43 43 43 43 43 43 43 43 43 43 43 43 43 43 43 43 43 43 43 43 43 43 43 43 43 43 43 43 43 43 43 43 43 43 43 43 43 43 43 43 43 43 43 43 43 43 43 43 43 43 43 43 43 43 43 43 43 43 43 43
43 43 43 43 43 43 43 43 43 43 43 43 43 43 43 43 43 43 43 43 43 43 43 43 43 43 43 43 43 43 43 43 43 43 43 43 43 43 43 43 43 43 43 43 43 43 43 43 43 43 43 43 43 43 43 43 43 43 43 43 43 43 43 43 43 43 43 43 43 43 43 43 43 43 43 43 43 43 43 43 43 43 43 43 43 43 43 43 43 43 43 43 43 43 43 43 43 43 43 43
43 43 43 43 43 43 43 43 43 43 43 43 43 43 43 43 43 43 43 43 43 43 43 43 43 43 43 43 43 43 43 43 43 43 43 43 43 43 43 43 43 43 43 43 43 43 43 43 43 43 43 43 43 43 43 43 43 43 43 43 43 43 43 43 43 43 43 43 43 43 43 43 43 43 43 43 43 43 43 43 43 43 43 43 43 43 43 43 43 43 43 43 43 43 43 43 43 43 43 43
43 43 43 43 43 43 43 43 43 43 43 43 43 43 43 43 43 43 43 43 43 43 43 43 43 43 43 43 43 43 43 43 43 43 43 43 43 43 43 43 43 43 43 43 43 43 43 43 43 43 43 43 43 43 43 43 43 43 43 43 43 43 43 43 43 43 43 43 43 43 43 43 43 43 43 43 43 43 43 43 43 43 43 43 43 43 43 43 43 43 43 43 43 43 43 43 43 43 43 43
43 43 69 69 69 69 69 69 69 69 69 69 69 69 69 69 69 69 69 69 43 43 43 43 43 43 43 43 43 43 43 43 43 43 43 43 43 43 43 43 43 43 43 43 43 43 43 43 43 43 43 43 43 43 43 43 43 43 43 43 43 43 43 43 43 43 69 69 69 69 69 69 69 69 69 69 69 69 69 69 69 69 69 69 43 43 43 43 43 43 43 43 43 43 43 43 43 43 43 43
43 71 56 57 57 57 57 57 57 57 57 57 57 57 57 57 57 57 57 58 70 43 43 43 43 43 43 43 43 43 43 43 43 43 43 43 43 43 43 43 43 43 43 43 43 43 43 43 43 43 43 43 43 43 43 43 43 43 43 43 43 43 43 43 43 71 44 45 45 45 45 45 45 45 45 45 45 45 45 45 45 45 45 46 70 43 43 43 43 43 43 43 43 43 43 43 43 43 43 43
43 71 59 60 60 60 60 60 60 60 60 60 60 60 60 60 60 60 60 61 70 43 43 43 43 43 43 43 43 43 43 43 43 43 43 43 43 43 43 43 43 43 43 43 43 43 43 43 43 43 43 43 43 43 43 43 43 43 43 43 43 43 43 43 43 71 47 48 48 48 48 48 48 48 48 48 48 48 48 48 48 48 48 49 70 43 43 43 43 43 43 43 43 43 43 43 43 43 43 43
43 71 39 39 39 39 39 39 39 39 39 39 39 39 39 39 39 39 39 39 70 43 43 43 43 43 43 43 43 43 43 43 43 43 43 43 43 43 43 43 43 43 43 43 43 43 43 43 43 43 43 43 43 43 43 43 43 43 43 43 43 43 43 43 43 71 41 41 41 41 41 41 41 41 41 41 41 41 41 41 41 41 41 41 70 43 43 43 43 43 43 43 43 43 43 43 43 43 43 43
43 71 39 39 39 39 39 39 39 39 39 39 39 39 39 39 39 39 39 39 74 69 69 69 69 69 69 69 69 69 69 69 69 69 43 43 43 43 43 43 43 43 43 43 43 43 43 43 43 43 43 43 43 43 43 43 43 43 43 43 43 43 43 43 43 71 41 41 41 41 41 41 41 41 41 41 41 41 41 41 41 41 41 41 74 69 69 69 69 69 69 69 69 69 69 69 69 69 43 43
43 71 39 39 39 39 39 39 39 39 39 39 39 39 39 39 39 39 39 39 56 57 57 57 57 57 57 57 57 57 57 57 57 58 70 43 43 43 43 43 43 43 43 43 43 43 43 43 43 43 43 43 43 43 43 43 43 43 43 43 43 43 43 43 43 71 41 41 41 41 41 41 41 41 41 41 41 41 41 41 41 41 41 41 44 45 45 45 45 45 45 45 45 45 45 45 45 46 70 43
43 71 39 39 39 39 39 39 39 39 39 39 39 39 39 39 39 39 39 39 59 60 60 60 60 60 60 60 60 60 60 60 60 61 70 43 43 43 43 43 43 43 43 43 43 43 43 43 43 43 43 43 43 43 43 43 43 43 43 43 43 43 43 43 43 71 41 41 41 41 41 41 41 41 41 41 41 41 41 41 41 41 41 41 47 48 48 48 48 48 48 48 48 48 48 48 48 49 70 43
43 71 39 39 39 39 39 39 39 39 39 39 39 39 39 39 39 39 39 39 39 39 39 39 39 39 39 39 39 39 39 39 39 39 70 43 43 43 43 43 43 43 43 43 43 43 43 43 43 43 43 43 43 43 43 43 43 43 43 43 43 43 43 43 43 71 41 41 41 41 41 41 41 41 41 41 41 41 41 41 41 41 41 41 41 41 41 41 41 41 41 41 41 41 41 41 41 41 70 43
43 71 39 39 39 39 39 39 39 39 39 39 39 39 39 39 39 39 39 39 39 39 39 39 39 39 39 39 39 39 39 39 39 39 70 43 43 43 43 43 43 43 43 43 43 43 43 43 43 43 43 43 43 43 43 43 43 43 43 43 43 43 43 43 43 71 41 41 41 41 41 41 41 41 41 41 41 41 41 41 41 41 41 41 41 41 41 41 41 41 41 41 41 41 41 41 41 41 70 43
43 71 39 39 39 39 39 39 39 39 39 39 39 39 39 39 39 39 39 39 39 39 39 39 39 39 39 39 39 39 39 39 39 39 70 43 43 43 43 43 43 43 43 43 43 43 43 43 43 43 43 43 43 43 43 43 43 43 43 43 43 43 43 43 43 71 41 41 41 41 41 41 41 41 41 41 41 41 41 41 41 41 41 41 41 41 41 41 41 41 41 41 41 41 41 41 41 41 70 43
43 71 39 39 39 39 39 39 39 39 39 39 39 39 39 39 39 39 39 39 39 39 39 39 39 39 39 39 39 39 39 39 39 39 70 43 43 43 43 43 43 43 43 43 43 43 43 43 43 43 43 43 43 43 43 43 43 43 43 43 43 43 43 43 43 71 41 41 41 41 41 41 41 41 41 41 41 41 41 41 41 41 41 41 41 41 41 41 41 41 41 41 41 41 41 41 41 41 70 43
43 71 39 39 39 39 39 39 39 39 39 39 39 39 39 39 39 39 39 39 39 39 39 39 39 39 39 39 39 39 39 39 39 39 70 43 43 43 43 43 43 43 43 43 43 43 43 43 43 43 43 43 43 43 43 43 43 43 43 43 43 43 43 43 43 71 41 41 41 41 41 41 41 41 41 41 41 41 41 41 41 41 41 41 41 41 41 41 41 41 41 41 41 41 41 41 41 41 70 43
43 71 39 39 39 39 39 39 39 39 39 39 39 39 39 39 39 39 39 39 39 39 39 39 39 39 39 39 39 39 39 39 39 39 70 43 43 43 43 43 43 43 43 43 43 43 43 43 43 43 43 43 43 43 43 43 43 43 43 43 43 43 43 43 43 71 41 41 41 41 41 41 41 41 41 41 41 41 41 41 41 41 41 41 41 41 41 41 41 41 41 41 41 41 41 41 41 41 70 43
43 71 39 39 39 39 39 39 39 39 39 39 39 39 39 39 39 39 39 39 39 39 39 39 39 39 39 39 39 39 39 39 39 39 70 43 43 43 43 43 43 43 43 43 43 43 43 43 43 43 43 43 43 43 43 43 43 43 43 43 43 43 43 43 43 71 41 41 41 41 41 41 41 41 41 41 41 41 41 41 41 41 41 41 41 41 41 41 41 41 41 41 41 41 41 41 41 41 70 43
43 43 68 68 68 68 68 68 73 39 72 73 39 72 68 68 68 68 68 73 39 39 39 39 39 39 39 39 39 39 39 39 39 39 70 43 43 43 43 43 43 43 43 43 43 43 43 43 43 43 43 43 43 43 43 43 43 43 43 43 43 43 43 43 43 43 68 68 68 68 68 68 73 41 72 73 41 73 68 68 68 68 68 73 41 41 41 41 41 41 41 41 41 41 41 41 41 41 70 43
43 43 69 69 69 69 69 69 75 39 74 75 39 74 69 69 69 69 69 75 39 39 39 39 39 39 39 39 39 39 39 39 39 39 70 43 43 43 43 43 43 43 43 43 43 43 43 43 43 43 43 43 43 43 43 43 43 43 43 43 43 43 43 43 43 43 69 69 69 69 69 69 75 41 74 75 41 74 68 68 68 68 68 75 41 41 41 41 41 41 41 41 41 41 41 41 41 41 70 43
43 71 56 57 57 57 57 57 58 39 56 58 39 56 57 57 57 57 57 58 39 39 39 39 39 39 39 39 39 39 39 39 39 39 70 43 43 43 43 43 43 43 43 43 43 43 43 43 43 43 43 43 43 43 43 43 43 43 43 43 43 43 43 43 43 71 44 45 45 45 45 45 46 41 44 46 41 44 45 45 45 45 45 46 41 41 41 41 41 41 41 41 41 41 41 41 41 41 70 43
43 71 59 60 60 60 60 60 61 39 59 61 39 59 60 60 60 60 60 61 72 68 68 68 68 68 68 68 68 68 68 68 68 68 43 43 43 43 43 43 43 43 43 43 43 43 43 43 43 43 43 43 43 43 43 43 43 43 43 43 43 43 43 43 43 71 47 48 48 48 48 48 49 41 47 49 41 47 48 48 48 48 48 49 72 68 68 68 68 68 68 68 68 68 68 68 68 68 43 43
43 71 39 39 39 39 39 39 39 39 39 39 39 39 39 39 39 39 39 39 70 43 43 43 43 43 43 43 43 43 43 43 43 43 43 43 43 43 43 43 43 43 43 43 43 43 43 43 43 43 43 43 43 43 43 43 43 43 43 43 43 43 43 43 43 71 41 41 41 41 41 41 41 41 41 41 41 41 41 41 41 41 41 41 70 43 43 43 43 43 43 43 43 43 43 43 43 43 43 43
43 71 39 39 39 39 39 39 39 39 39 39 39 39 39 39 39 39 39 39 70 43 43 43 43 43 43 43 43 43 43 43 43 43 43 43 43 43 43 43 43 43 43 43 43 43 43 43 43 43 43 43 43 43 43 43 43 43 43 43 43 43 43 43 43 71 41 41 41 41 41 41 41 41 41 41 41 41 41 41 41 41 41 41 70 43 43 43 43 43 43 43 43 43 43 43 43 43 43 43
43 71 39 39 39 39 39 39 39 39 39 39 39 39 39 39 39 39 39 39 70 43 43 43 43 43 43 43 43 43 43 43 43 43 43 43 43 43 43 43 43 43 43 43 43 43 43 43 43 43 43 43 43 43 43 43 43 43 43 43 43 43 43 43 43 71 41 41 41 41 41 41 41 41 41 41 41 41 41 41 41 41 41 41 70 43 43 43 43 43 43 43 43 43 43 43 43 43 43 43
43 71 39 39 39 39 39 39 39 39 39 39 39 39 39 39 39 39 39 39 70 43 43 43 43 43 43 43 43 43 43 43 43 43 43 43 43 43 43 43 43 43 43 43 43 43 43 43 43 43 43 43 43 43 43 43 43 43 43 43 43 43 43 43 43 71 41 41 41 41 41 41 41 41 41 41 41 41 41 41 41 41 41 41 70 43 43 43 43 43 43 43 43 43 43 43 43 43 43 43
43 71 39 39 39 39 39 39 39 39 39 39 39 39 39 39 39 39 39 39 70 43 43 43 43 43 43 43 43 43 43 43 43 43 43 43 43 43 43 43 43 43 43 43 43 43 43 43 43 43 43 43 43 43 43 43 43 43 43 43 43 43 43 43 43 71 41 41 41 41 41 41 41 41 41 41 41 41 41 41 41 41 41 41 70 43 43 43 43 43 43 43 43 43 43 43 43 43 43 43
43 71 39 39 39 39 39 39 39 39 39 39 39 39 39 39 39 39 39 39 70 43 43 43 43 43 43 43 43 43 43 43 43 43 43 43 43 43 43 43 43 43 43 43 43 43 43 43 43 43 43 43 43 43 43 43 43 43 43 43 43 43 43 43 43 71 41 41 41 41 41 41 41 41 41 41 41 41 41 41 41 41 41 41 70 43 43 43 43 43 43 43 43 43 43 43 43 43 43 43
43 43 68 68 68 68 68 68 68 68 68 68 68 68 68 68 68 68 68 68 43 43 43 43 43 43 43 43 43 43 43 43 43 43 43 43 43 43 43 43 43 43 43 43 43 43 43 43 43 43 43 43 43 43 43 43 43 43 43 43 43 43 43 43 43 43 68 68 68 68 68 68 68 68 68 68 68 68 68 68 68 68 68 68 43 43 43 43 43 43 43 43 43 43 43 43 43 43 43 43
43 43 43 43 43 43 43 43 43 43 43 43 43 43 43 43 43 43 43 43 43 43 43 43 43 43 43 43 43 43 43 43 43 43 43 43 43 43 43 43 43 43 43 43 43 43 43 43 43 43 43 43 43 43 43 43 43 43 43 43 43 43 43 43 43 43 43 43 43 43 43 43 43 43 43 43 43 43 43 43 43 43 43 43 43 43 43 43 43 43 43 43 43 43 43 43 43 43 43 43
43 43 43 43 43 43 43 43 43 43 43 43 43 43 43 43 43 43 43 43 43 43 43 43 43 43 43 43 43 43 43 43 43 43 43 43 43 43 43 43 43 43 43 43 43 43 43 43 43 43 43 43 43 43 43 43 43 43 43 43 43 43 43 43 43 43 43 43 43 43 43 43 43 43 43 43 43 43 43 43 43 43 43 43 43 43 43 43 43 43 43 43 43 43 43 43 43 43 43 43
43 43 43 43 43 43 43 43 43 43 43 43 43 43 43 43 43 43 43 43 43 43 43 43 43 43 43 43 43 43 43 43 43 43 43 43 43 43 43 43 43 43 43 43 43 43 43 43 43 43 43 43 43 43 43 43 43 43 43 43 43 43 43 43 43 43 43 43 43 43 43 43 43 43 43 43 43 43 43 43 43 43 43 43 43 43 43 43 43 43 43 43 43 43 43 43 43 43 43 43
43 43 43 43 43 43 43 43 43 43 43 43 43 43 43 43 43 43 43 43 43 43 43 43 43 43 43 43 43 43 43 43 43 43 43 43 43 43 43 43 43 43 43 43 43 43 43 43 43 43 43 43 43 43 43 43 43 43 43 43 43 43 43 43 43 43 43 43 43 43 43 43 43 43 43 43 43 43 43 43 43 43 43 43 43 43 43 43 43 43 43 43 43 43 43 43 43 43 43 43
43 43 43 43 43 43 43 43 43 43 43 43 43 43 43 43 43 43 43 43 43 43 43 43 43 43 43 43 43 43 43 43 43 43 43 43 43 43 43 43 43 43 43 43 43 43 43 43 43 43 43 43 43 43 43 43 43 43 43 43 43 43 43 43 43 43 43 43 43 43 43 43 43 43 43 43 43 43 43 43 43 43 43 43 43 43 43 43 43 43 43 43 43 43 43 43 43 43 43 43
43 43 43 43 43 43 43 43 43 43 43 43 43 43 43 43 43 43 43 43 43 43 43 43 43 43 43 43 43 43 43 43 43 43 43 43 43 43 43 43 43 43 43 43 43 43 43 43 43 43 43 43 43 43 43 43 43 43 43 43 43 43 43 43 43 43 43 43 43 43 43 43 43 43 43 43 43 43 43 43 43 43 43 43 43 43 43 43 43 43 43 43 43 43 43 43 43 43 43 43
43 43 69 69 69 69 69 69 69 69 69 69 69 69 69 69 69 69 69 69 43 43 43 43 43 43 43 43 43 43 43 43 43 43 43 43 43 43 43 43 43 43 43 43 43 43 43 43 43 43 43 43 43 43 43 43 43 43 43 43 43 43 43 43 43 43 69 69 69 69 69 69 69 69 69 69 69 69 69 69 69 69 69 69 43 43 43 43 43 43 43 43 43 43 43 43 43 43 43 43
43 71 50 51 51 51 51 51 51 51 51 51 51 51 51 51 51 51 51 52 70 43 43 43 43 43 43 43 43 43 43 43 43 43 43 43 43 43 43 43 43 43 43 43 43 43 43 43 43 43 43 43 43 43 43 43 43 43 43 43 43 43 43 43 43 71 62 63 63 63 63 63 63 63 63 63 63 63 63 63 63 63 63 64 70 43 43 43 43 43 43 43 43 43 43 43 43 43 43 43
43 71 53 54 54 54 54 54 54 54 54 54 54 54 54 54 54 54 54 55 70 43 43 43 43 43 43 43 43 43 43 43 43 43 43 43 43 43 43 43 43 43 43 43 43 43 43 43 43 43 43 43 43 43 43 43 43 43 43 43 43 43 43 43 43 71 65 66 66 66 66 66 66 66 66 66 66 66 66 66 66 66 66 67 70 43 43 43 43 43 43 43 43 43 43 43 43 43 43 43
43 71 40 40 40 40 40 40 40 40 40 40 40 40 40 40 40 40 40 40 70 43 43 43 43 43 43 43 43 43 43 43 43 43 43 43 43 43 43 43 43 43 43 43 43 43 43 43 43 43 43 43 43 43 43 43 43 43 43 43 43 43 43 43 43 71 42 42 42 42 42 42 42 42 42 42 42 42 42 42 42 42 42 42 70 43 43 43 43 43 43 43 43 43 43 43 43 43 43 43
43 71 40 40 40 40 40 40 40 40 40 40 40 40 40 40 40 40 40 40 74 69 69 69 69 69 69 69 69 69 69 69 69 69 43 43 43 43 43 43 43 43 43 43 43 43 43 43 43 43 43 43 43 43 43 43 43 43 43 43 43 43 43 43 43 71 42 42 42 42 42 42 42 42 42 42 42 42 42 42 42 42 42 42 74 69 69 69 69 69 69 69 69 69 69 69 69 69 43 43
43 71 40 40 40 40 40 40 40 40 40 40 40 40 40 40 40 40 40 40 50 51 51 51 51 51 51 51 51 51 51 51 51 52 70 43 43 43 43 43 43 43 43 43 43 43 43 43 43 43 43 43 43 43 43 43 43 43 43 43 43 43 43 43 43 71 42 42 42 42 42 42 42 42 42 42 42 42 42 42 42 42 42 42 62 63 63 63 63 63 63 63 63 63 63 63 63 64 70 43
43 71 40 40 40 40 40 40 40 40 40 40 40 40 40 40 40 40 40 40 53 54 54 54 54 54 54 54 54 54 54 54 54 55 70 43 43 43 43 43 43 43 43 43 43 43 43 43 43 43 43 43 43 43 43 43 43 43 43 43 43 43 43 43 43 71 42 42 42 42 42 42 42 42 42 42 42 42 42 42 42 42 42 42 65 66 66 66 66 66 66 66 66 66 66 66 66 67 70 43
43 71 40 40 40 40 40 40 40 40 40 40 40 40 40 40 40 40 40 40 40 40 40 40 40 40 40 40 40 40 40 40 40 40 70 43 43 43 43 43 43 43 43 43 43 43 43 43 43 43 43 43 43 43 43 43 43 43 43 43 43 43 43 43 43 71 42 42 42 42 42 42 42 42 42 42 42 42 42 42 42 42 42 42 42 42 42 42 42 42 42 42 42 42 42 42 42 42 70 43
43 71 40 40 40 40 40 40 40 40 40 40 40 40 40 40 40 40 40 40 40 40 40 40 40 40 40 40 40 40 40 40 40 40 70 43 43 43 43 43 43 43 43 43 43 43 43 43 43 43 43 43 43 43 43 43 43 43 43 43 43 43 43 43 43 71 42 42 42 42 42 42 42 42 42 42 42 42 42 42 42 42 42 42 42 42 42 42 42 42 42 42 42 42 42 42 42 42 70 43
43 71 40 40 40 40 40 40 40 40 40 40 40 40 40 40 40 40 40 40 40 40 40 40 40 40 40 40 40 40 40 40 40 40 70 43 43 43 43 43 43 43 43 43 43 43 43 43 43 43 43 43 43 43 43 43 43 43 43 43 43 43 43 43 43 71 42 42 42 42 42 42 42 42 42 42 42 42 42 42 42 42 42 42 42 42 42 42 42 42 42 42 42 42 42 42 42 42 70 43
43 71 40 40 40 40 40 40 40 40 40 40 40 40 40 40 40 40 40 40 40 40 40 40 40 40 40 40 40 40 40 40 40 40 70 43 43 43 43 43 43 43 43 43 43 43 43 43 43 43 43 43 43 43 43 43 43 43 43 43 43 43 43 43 43 71 42 42 42 42 42 42 42 42 42 42 42 42 42 42 42 42 42 42 42 42 42 42 42 42 42 42 42 42 42 42 42 42 70 43
43 71 40 40 40 40 40 40 40 40 40 40 40 40 40 40 40 40 40 40 40 40 40 40 40 40 40 40 40 40 40 40 40 40 70 43 43 43 43 43 43 43 43 43 43 43 43 43 43 43 43 43 43 43 43 43 43 43 43 43 43 43 43 43 43 71 42 42 42 42 42 42 42 42 42 42 42 42 42 42 42 42 42 42 42 42 42 42 42 42 42 42 42 42 42 42 42 42 70 43
43 71 40 40 40 40 40 40 40 40 40 40 40 40 40 40 40 40 40 40 40 40 40 40 40 40 40 40 40 40 40 40 40 40 70 43 43 43 43 43 43 43 43 43 43 43 43 43 43 43 43 43 43 43 43 43 43 43 43 43 43 43 43 43 43 71 42 42 42 42 42 42 42 42 42 42 42 42 42 42 42 42 42 42 42 42 42 42 42 42 42 42 42 42 42 42 42 42 70 43
43 71 40 40 40 40 40 40 40 40 40 40 40 40 40 40 40 40 40 40 40 40 40 40 40 40 40 40 40 40 40 40 40 40 70 43 43 43 43 43 43 43 43 43 43 43 43 43 43 43 43 43 43 43 43 43 43 43 43 43 43 43 43 43 43 71 42 42 42 42 42 42 42 42 42 42 42 42 42 42 42 42 42 42 42 42 42 42 42 42 42 42 42 42 42 42 42 42 70 43
43 71 68 68 68 68 68 68 73 40 72 73 40 72 68 68 68 68 68 73 40 40 40 40 40 40 40 40 40 40 40 40 40 40 70 43 43 43 43 43 43 43 43 43 43 43 43 43 43 43 43 43 43 43 43 43 43 43 43 43 43 43 43 43 43 71 68 68 68 68 68 68 73 42 72 73 42 72 68 68 68 68 68 73 42 42 42 42 42 42 42 42 42 42 42 42 42 42 70 43
43 71 69 69 69 69 69 69 75 40 74 75 40 74 69 69 69 69 69 75 40 40 40 40 40 40 40 40 40 40 40 40 40 40 70 43 43 43 43 43 43 43 43 43 43 43 43 43 43 43 43 43 43 43 43 43 43 43 43 43 43 43 43 43 43 71 69 69 69 69 69 69 75 42 74 75 42 74 69 69 69 69 69 75 42 42 42 42 42 42 42 42 42 42 42 42 42 42 70 43
43 71 50 51 51 51 51 51 52 40 50 52 40 50 51 51 51 51 51 52 40 40 40 40 40 40 40 40 40 40 40 40 40 40 70 43 43 43 43 43 43 43 43 43 43 43 43 43 43 43 43 43 43 43 43 43 43 43 43 43 43 43 43 43 43 71 62 63 63 63 63 63 64 42 62 64 42 62 63 63 63 63 63 64 42 42 42 42 42 42 42 42 42 42 42 42 42 42 70 43
43 71 53 54 54 54 54 54 55 40 53 54 40 53 54 54 54 54 54 55 72 68 68 68 68 68 68 68 68 68 68 68 68 68 43 43 43 43 43 43 43 43 43 43 43 43 43 43 43 43 43 43 43 43 43 43 43 43 43 43 43 43 43 43 43 71 65 66 66 66 66 66 67 42 65 67 42 65 66 66 66 66 66 67 72 68 68 68 68 68 68 68 68 68 68 68 68 68 43 43
43 71 40 40 40 40 40 40 40 40 40 40 40 40 40 40 40 40 40 40 70 43 43 43 43 43 43 43 43 43 43 43 43 43 43 43 43 43 43 43 43 43 43 43 43 43 43 43 43 43 43 43 43 43 43 43 43 43 43 43 43 43 43 43 43 71 42 42 42 42 42 42 42 42 42 42 42 42 42 42 42 42 42 42 70 43 43 43 43 43 43 43 43 43 43 43 43 43 43 43
43 71 40 40 40 40 40 40 40 40 40 40 40 40 40 40 40 40 40 40 70 43 43 43 43 43 43 43 43 43 43 43 43 43 43 43 43 43 43 43 43 43 43 43 43 43 43 43 43 43 43 43 43 43 43 43 43 43 43 43 43 43 43 43 43 71 42 42 42 42 42 42 42 42 42 42 42 42 42 42 42 42 42 42 70 43 43 43 43 43 43 43 43 43 43 43 43 43 43 43
43 71 40 40 40 40 40 40 40 40 40 40 40 40 40 40 40 40 40 40 70 43 43 43 43 43 43 43 43 43 43 43 43 43 43 43 43 43 43 43 43 43 43 43 43 43 43 43 43 43 43 43 43 43 43 43 43 43 43 43 43 43 43 43 43 71 42 42 42 42 42 42 42 42 42 42 42 42 42 42 42 42 42 42 70 43 43 43 43 43 43 43 43 43 43 43 43 43 43 43
43 71 40 40 40 40 40 40 40 40 40 40 40 40 40 40 40 40 40 40 70 43 43 43 43 43 43 43 43 43 43 43 43 43 43 43 43 43 43 43 43 43 43 43 43 43 43 43 43 43 43 43 43 43 43 43 43 43 43 43 43 43 43 43 43 71 42 42 42 42 42 42 42 42 42 42 42 42 42 42 42 42 42 42 70 43 43 43 43 43 43 43 43 43 43 43 43 43 43 43
43 71 40 40 40 40 40 40 40 40 40 40 40 40 40 40 40 40 40 40 70 43 43 43 43 43 43 43 43 43 43 43 43 43 43 43 43 43 43 43 43 43 43 43 43 43 43 43 43 43 43 43 43 43 43 43 43 43 43 43 43 43 43 43 43 71 42 42 42 42 42 42 42 42 42 42 42 42 42 42 42 42 42 42 70 43 43 43 43 43 43 43 43 43 43 43 43 43 43 43
43 71 40 40 40 40 40 40 40 40 40 40 40 40 40 40 40 40 40 40 70 43 43 43 43 43 43 43 43 43 43 43 43 43 43 43 43 43 43 43 43 43 43 43 43 43 43 43 43 43 43 43 43 43 43 43 43 43 43 43 43 43 43 43 43 71 42 42 42 42 42 42 42 42 42 42 42 42 42 42 42 42 42 42 70 43 43 43 43 43 43 43 43 43 43 43 43 43 43 43
43 43 68 68 68 68 68 68 68 68 68 68 68 68 68 68 68 68 68 68 43 43 43 43 43 43 43 43 43 43 43 43 43 43 43 43 43 43 43 43 43 43 43 43 43 43 43 43 43 43 43 43 43 43 43 43 43 43 43 43 43 43 43 43 43 43 68 68 68 68 68 68 68 68 68 68 68 68 68 68 68 68 68 68 43 43 43 43 43 43 43 43 43 43 43 43 43 43 43 43
43 43 43 43 43 43 43 43 43 43 43 43 43 43 43 43 43 43 43 43 43 43 43 43 43 43 43 43 43 43 43 43 43 43 43 43 43 43 43 43 43 43 43 43 43 43 43 43 43 43 43 43 43 43 43 43 43 43 43 43 43 43 43 43 43 43 43 43 43 43 43 43 43 43 43 43 43 43 43 43 43 43 43 43 43 43 43 43 43 43 43 43 43 43 43 43 43 43 43 43